0.005045935062579357 -0.003936818429167424 0.0055 -0.9456287203569973 -0.32524809489985906 0.0 0.32524809489985906 -0.9456287203569973 0.0 0.0 0.0 1.0 
0.005936884906441773 0.0023902714506230994 0.0055 -0.9817429059156799 0.19021268802116342 0.0 -0.19021268802116342 -0.9817429059156799 0.0 0.0 0.0 1.0 
0.0007243033643793903 0.0063588823417601225 0.0055 -0.7460470496839592 0.6658932344286583 0.0 -0.6658932344286583 -0.7460470496839592 0.0 0.0 0.0 1.0 
0.0017015692296168765 0.006169656567169767 0.0055 -0.7955721815547716 0.6058588151840175 0.0 -0.6058588151840175 -0.7955721815547716 0.0 0.0 0.0 1.0 
-0.003496375838926174 0.005360536912751678 0.0055 -0.4762831485407526 0.879291966536774 0.0 -0.879291966536774 -0.4762831485407526 0.0 0.0 0.0 1.0 
-0.000555471698113206 0.006375849056603773 0.0055 -0.6757246285173464 0.7371541402007413 0.0 -0.7371541402007413 -0.6757246285173464 0.0 0.0 0.0 1.0 
0.00548951023257523 0.003290178932284968 0.0055 -0.9637779759467114 0.26670585497896404 0.0 -0.26670585497896404 -0.9637779759467114 0.0 0.0 0.0 1.0 
0.0030471099231540325 0.0056280654861343106 0.0055 -0.8591015439087564 0.5118051750945776 0.0 -0.5118051750945776 -0.8591015439087564 0.0 0.0 0.0 1.0 
0.006050012206605518 0.0020874271963170895 0.0055 -0.9862338483549711 0.16535657337688112 0.0 -0.16535657337688112 -0.9862338483549711 0.0 0.0 0.0 1.0 
-0.004553379620942016 0.0044974141489960585 0.0055 -0.37982524549311486 0.9250582591848445 0.0 -0.9250582591848445 -0.37982524549311486 0.0 0.0 0.0 1.0 
-0.006395611930065136 0.0002369557764826846 0.0055 -0.018515344006020708 0.9998285763251312 0.0 -0.9998285763251312 -0.018515344006020708 0.0 0.0 0.0 1.0 
0.0064 -1.5675479029086122e-18 0.0055 -1.0 -1.2246467991473532e-16 0.0 1.2246467991473532e-16 -1.0 0.0 0.0 0.0 1.0 
-0.0031649990603270046 0.005562623566998686 0.0055 -0.5027270118184946 0.8644452276391185 0.0 -0.8644452276391185 -0.5027270118184946 0.0 0.0 0.0 1.0 
-0.005985551877968053 -0.002265649733774644 0.0055 -0.17994098903180974 -0.9836774067072264 0.0 0.9836774067072264 -0.17994098903180974 0.0 0.0 0.0 1.0 
-0.006066194462330972 -0.0020399227301996156 0.0055 -0.161488568110541 -0.9868745828977495 0.0 0.9868745828977495 -0.161488568110541 0.0 0.0 0.0 1.0 
-0.005877717411667729 0.0025322792161564683 0.0055 -0.2019983346799144 0.9793858651147367 0.0 -0.9793858651147367 -0.2019983346799144 0.0 0.0 0.0 1.0 
0.005750246579405982 -0.00280974452148764 0.0055 -0.9742884655050025 -0.22530420764803233 0.0 0.22530420764803233 -0.9742884655050025 0.0 0.0 0.0 1.0 
-0.005517323686271585 0.003243322269048595 0.0055 -0.26260062263831824 0.964904613415216 0.0 -0.964904613415216 -0.26260062263831824 0.0 0.0 0.0 1.0 
-0.003368745273289787 0.005441650051564114 0.0055 -0.4866382388635684 0.8736035854297787 0.0 -0.8736035854297787 -0.4866382388635684 0.0 0.0 0.0 1.0 
-0.006270262687195314 0.0012821099147757166 0.0055 -0.10067635056390385 0.9949192291021085 0.0 -0.9949192291021085 -0.10067635056390385 0.0 0.0 0.0 1.0 
-0.0064 7.837739514543061e-19 0.0055 6.123233995736766e-17 -1.0 0.0 1.0 6.123233995736766e-17 0.0 0.0 0.0 1.0 
