0.14802652942106814 -0.05394253204306913 0.47342003128825777 -0.8011107145009388 -0.20672482688648794 -0.561681821906804 -0.3782718321849945 0.9021412685162449 0.20748868069200205 0.46382328972055986 0.3786898171177195 -0.80091321522631 
0.1173859832084687 -0.05515516756641184 0.4747250166744557 -0.866155382662178 0.22188884554781635 -0.44781714271205986 0.13496345001701515 0.9665952485627928 0.2178956002661295 0.48120652556344323 0.1282925004717327 -0.867168561513775 
0.06712187929692007 -0.05354219060063397 0.4754837820870542 -0.7460470496839595 0.665893234428658 -3.0051222065376056e-16 0.665893234428658 0.7460470496839593 1.146069085782606e-16 3.0051222065376056e-16 -1.146069085782606e-16 -1.0 
0.1650955014384728 -0.03808502046470156 0.4760444251945082 -0.6078727140656852 0.5110433712484901 -0.6077215120409971 0.5655327101451781 0.8158871167820098 0.12041995858241061 0.5573719738650911 -0.2704863866669033 -0.7849672587933938 
0.06539228263075006 0.005280965094379539 0.47548378208705355 -0.4762831485407514 0.8792919665367747 -2.763242486764079e-16 0.8792919665367747 0.47628314854075104 1.6458203987537322e-16 2.763242486764079e-16 -1.6458203987537322e-16 -1.0 
0.16662042023189513 -0.015675711020773808 0.4754837820870486 -0.675724628517347 0.7371541402007407 -2.943984322709641e-16 0.7371541402007407 0.6757246285173468 1.2950637564428562e-16 2.943984322709641e-16 -1.2950637564428562e-16 -1.0 
0.1260662235413638 0.0021130003909657583 0.47548378208705383 -0.9637779759467116 0.26670585497896354 1.2135063309274459e-16 0.26670585497896354 0.9637779759467118 -1.6480948838239334e-17 -1.2135063309274459e-16 1.6480948838239334e-17 -1.0 
0.12961243922906862 0.016396026512940552 0.47560896907645783 -0.7582995854562632 0.41981725250998836 -0.4987336094467908 0.5272218115617505 0.8449051483055692 -0.09040161381463387 0.38343043712048397 -0.33149474333948165 -0.8620280361031686 
0.16050559040183365 0.01373378822489566 0.47548378208706465 -0.9862338483549715 0.16535657337687862 -3.2051573564903985e-16 0.16535657337687862 0.9862338483549713 2.6683355438831923e-17 3.2051573564903985e-16 -2.6683355438831923e-17 -1.0 
0.09657884618035345 0.0441315762982096 0.4755660129768125 -0.38305590192578176 0.8310775555307938 -0.4032099610535259 0.9235883553802596 0.3370729354138625 -0.1826646819105121 -0.015897352163577155 -0.4423708092815819 -0.8966913299958607 
0.167108199978625 0.05133502281844825 0.4765214907422636 -0.07990534001699989 0.7740136466958647 -0.6281066878845797 0.9813134555793559 -0.049568245879963224 -0.18592173326237893 -0.17504010550634186 -0.6312256836734012 -0.755589238763613 
0.11198532861498599 -0.03405369589202925 0.47465042191319573 -0.9004530038805124 0.03282906604411136 -0.43371262400953164 -0.031125631436124856 0.9897275355441942 0.13953709346736065 0.43383819895240266 0.139146174249556 -0.8901813069939447 
0.10675805853344013 -0.009029430905233364 0.47548378208705083 -0.5027270118184943 0.8644452276391186 1.0615388680225064e-16 0.8644452276391186 0.5027270118184948 -6.106513033960983e-17 -1.0615388680225064e-16 6.106513033960983e-17 -1.0 
0.1491402477638646 -0.0049276144590970575 0.47548378208704706 -0.179940989031809 -0.9836774067072266 -9.406455339989032e-17 -0.9836774067072266 0.1799409890318091 -7.841847754386565e-17 9.406455339989032e-17 7.841847754386565e-17 -1.0 
0.1279974549736058 0.04261982551809732 0.4754837820870476 -0.16148856811054602 -0.9868745828977488 -9.332614431320157e-17 -0.9868745828977488 0.16148856811054624 -7.929582974059893e-17 9.332614431320157e-17 7.929582974059893e-17 -1.0 
0.1449849469511806 0.038012125630343195 0.47563812412424894 -0.2109847743022315 0.7946540360114713 -0.5692191037406557 0.9770449697199648 0.153885852468026 -0.147316908585205 -0.02947120895974953 -0.5872342866870665 -0.8088803004039491 
0.08197642102367414 -0.011763680861712754 0.4754837820870534 -0.974288465505002 -0.22530420764803408 3.1955047743973487e-16 -0.22530420764803408 0.9742884655050019 3.646684280490624e-17 -3.1955047743973487e-16 -3.646684280490624e-17 -1.0 
0.07899783188744444 0.0253003845635326 0.47555744266270145 -0.2649595637560842 0.9022093768529285 -0.3403155445947722 0.964155085719179 0.24268828925491714 -0.10727238666294667 -0.014191555800142835 -0.35653980784362993 -0.9341723423259752 
0.10476239630586807 0.020748023040824994 0.4750753521342662 -0.45933696122046885 0.7743561183909131 -0.43518060385006074 0.8794503826742044 0.46529889108671085 -0.10031932200564608 0.12480617160597826 -0.42880012111009846 -0.8947367633360239 
0.10990755799733098 0.04977891831563582 0.4754837820870737 -0.10067635056390423 0.9949192291021087 9.08501547687941e-17 0.9949192291021087 0.10067635056390456 -8.212093037164605e-17 -9.08501547687941e-17 8.212093037164605e-17 -1.0 
0.1315884808042561 -0.03270133403747316 0.47593559617859515 -0.03685833085651791 -0.870230650761737 -0.4912637559613732 -0.9903886314581134 -0.03376977674324211 0.13412665975575938 -0.1333109977646147 0.49148572375351435 -0.8606218456566666 
