0.0032657246904588483 -0.00550409322651129 0.0055 -0.8689848913773458 -0.49483861870098866 0.0 0.49483861870098866 -0.8689848913773458 0.0 0.0 0.0 1.0 
0.0022844276604082774 0.005978410345933238 0.0055 -0.8236934569179221 0.5670353507768306 0.0 -0.5670353507768306 -0.8236934569179221 0.0 0.0 0.0 1.0 
-0.006098636329390493 0.0019407820387252316 0.0055 -0.15344066203704873 0.988157863518594 0.0 -0.988157863518594 -0.15344066203704873 0.0 0.0 0.0 1.0 
0.006398186198101176 -0.00015235935950120557 0.0055 -0.9999291458531722 -0.011903918403014038 0.0 0.011903918403014038 -0.9999291458531722 0.0 0.0 0.0 1.0 
-0.002683015538077879 -0.005810458469211587 0.0055 -0.5388779185378314 -0.8423838726568394 0.0 0.8423838726568394 -0.5388779185378314 0.0 0.0 0.0 1.0 
0.001163556228909853 0.006293340679016597 0.0055 -0.768702042656049 0.6396070431260257 0.0 -0.6396070431260257 -0.768702042656049 0.0 0.0 0.0 1.0 
-0.0034649681528662445 -0.005380891719745222 0.0055 -0.47885213068057314 -0.8778955729143845 0.0 0.8778955729143845 -0.47885213068057314 0.0 0.0 0.0 1.0 
0.003418785942492013 0.00541035143769968 0.0055 -0.8758382566188739 0.4826047536471346 0.0 -0.4826047536471346 -0.8758382566188739 0.0 0.0 0.0 1.0 
-0.0022388573576395377 0.005995624882540877 0.0055 -0.5701660012087805 0.8215295071180273 0.0 -0.8215295071180273 -0.5701660012087805 0.0 0.0 0.0 1.0 
-0.006382465753424657 -0.00047342465753424625 0.0055 -0.03701166050988024 -0.9993148337667671 0.0 0.9993148337667671 -0.03701166050988024 0.0 0.0 0.0 1.0 
0.006334248920914636 -0.000915035850604647 0.0055 -0.997428291631261 -0.07167149400943212 0.0 0.07167149400943212 -0.997428291631261 0.0 0.0 0.0 1.0 
-0.0064 7.837739514543061e-19 0.0055 6.123233995736766e-17 -1.0 0.0 1.0 6.123233995736766e-17 0.0 0.0 0.0 1.0 
0.006395769993390616 -0.0002326503635161903 0.0055 -0.9998347517133228 -0.018178813667514747 0.0 0.018178813667514747 -0.9998347517133228 0.0 0.0 0.0 1.0 
0.004128261837105008 0.004890547434010061 0.0055 -0.9069291350617361 0.4212832111254509 0.0 -0.4212832111254509 -0.9069291350617361 0.0 0.0 0.0 1.0 
-0.0064 7.837739514543061e-19 0.0055 6.123233995736766e-17 -1.0 0.0 1.0 6.123233995736766e-17 0.0 0.0 0.0 1.0 
-0.006033122509413957 -0.002135751105911602 0.0055 -0.16929945053671783 -0.9855646584816063 0.0 0.9855646584816063 -0.16929945053671783 0.0 0.0 0.0 1.0 
0.0027531832242284715 0.005777541184087477 0.0055 -0.8456313850566625 0.5337673281563332 0.0 -0.5337673281563332 -0.8456313850566625 0.0 0.0 0.0 1.0 
-0.006316720331950207 0.0010290987551867207 0.0055 -0.08066116826819474 0.9967415793141219 0.0 -0.9967415793141219 -0.08066116826819474 0.0 0.0 0.0 1.0 
-0.0003279894875164168 0.006391590013140606 0.0055 -0.6887494619146936 0.7249994335944133 0.0 -0.7249994335944133 -0.6887494619146936 0.0 0.0 0.0 1.0 
-0.006376436997520476 -0.0005486813434517982 0.0055 -0.04290523940864206 -0.9990791462298105 0.0 0.9990791462298105 -0.04290523940864206 0.0 0.0 0.0 1.0 
0.005919319348687105 0.0024334457972715277 0.0055 -0.9810437422032618 0.19378641821299003 0.0 -0.19378641821299003 -0.9810437422032618 0.0 0.0 0.0 1.0 
-0.006164504573435815 -0.0017201405070775258 0.0055 -0.13563952300243096 -0.9907582549742763 0.0 0.9907582549742763 -0.13563952300243096 0.0 0.0 0.0 1.0 
-0.0015688300380917821 0.006204737892254672 0.0055 -0.6143575125886226 0.7890277857755837 0.0 -0.7890277857755837 -0.6143575125886226 0.0 0.0 0.0 1.0 
-0.0024414983007805214 -0.005916002539492848 0.0055 -0.5561096521833817 -0.8311089307356035 0.0 0.8311089307356035 -0.5561096521833817 0.0 0.0 0.0 1.0 
-0.002639985165955871 0.005830135360652697 0.0055 -0.5419881538462787 0.8403861261886124 0.0 -0.8403861261886124 -0.5419881538462787 0.0 0.0 0.0 1.0 
0.004413793103448275 0.004634482758620691 0.0055 -0.9191450300180579 0.39391929857916774 0.0 -0.39391929857916774 -0.9191450300180579 0.0 0.0 0.0 1.0 
0.004026445820864366 0.0049747094439418155 0.0055 -0.9025331460700092 0.43062038995497115 0.0 -0.43062038995497115 -0.9025331460700092 0.0 0.0 0.0 1.0 
-0.004982153846153849 -0.004017230769230767 0.0055 -0.3328201177351372 -0.9429903335828896 0.0 0.9429903335828896 -0.3328201177351372 0.0 0.0 0.0 1.0 
0.006245788866991412 -0.0013964674822444466 0.0055 -0.9939578739733913 -0.10976221921178524 0.0 0.10976221921178524 -0.9939578739733913 0.0 0.0 0.0 1.0 
0.00495203619909502 0.00405429864253394 0.0055 -0.9417419115948373 0.33633639699815654 0.0 -0.33633639699815654 -0.9417419115948373 0.0 0.0 0.0 1.0 
