0.10578034036650966 -0.057515957354817036 0.4754837820870393 -0.8689848913773454 -0.4948386187009895 -1.183855644597428e-16 -0.4948386187009895 0.8689848913773452 -3.134415342877617e-17 1.183855644597428e-16 3.134415342877617e-17 -1.0 
0.06758675261979528 -0.057249479775969656 0.475275792543216 -0.7777045526138247 0.5724028608174299 -0.25986649220658115 0.527668020433129 0.8190961887605045 0.22505086929447576 0.3416754147665793 0.037899848100464775 -0.9390535194854699 
0.17475578655277993 0.052754740429525236 0.4759887166435548 -0.18673893493198646 0.7348409823604968 -0.6520255369415584 0.9782183265162873 0.07784264412701813 -0.1924303209553754 -0.09065029425292409 -0.673757562776682 -0.7333711684768387 
0.11145357994442631 0.033481159010201246 0.47548378208704223 -0.9999291458531723 -0.011903918403001963 -1.2246251061291918e-16 -0.011903918403001963 0.9999291458531723 -7.289176903020029e-19 1.2246251061291918e-16 7.289176903020029e-19 -1.0 
0.1325367893639897 -0.05073942144588608 0.4754837820870725 -0.5388779185378321 -0.842383872656839 -1.0742316353211329e-16 -0.842383872656839 0.5388779185378321 -5.880358631385863e-17 1.0742316353211329e-16 5.880358631385863e-17 -1.0 
0.08130635670838497 -0.04642157276754889 0.4754837820870574 -0.7687020426560485 0.6396070431260265 1.1516571084935437e-16 0.6396070431260265 0.7687020426560487 -4.164681105656808e-17 -1.1516571084935437e-16 4.164681105656808e-17 -1.0 
0.13108410943676 0.024625307062732655 0.47548378208704545 -0.47885213068057286 -0.8778955729143845 2.7656456961498516e-16 -0.8778955729143845 0.4788521306805724 1.6417788246228012e-16 -2.7656456961498516e-16 -1.6417788246228012e-16 -1.0 
0.1466440667701991 -0.01561422921187403 0.4759963896800502 -0.7269291608737372 0.41135175031888166 -0.5498761065740143 0.4692219562918433 0.8821899530849817 0.039643945433992134 0.501402783004901 -0.22919560245674503 -0.8343048753360068 
0.14609519250108413 0.042472015059222844 0.4754837820870788 -0.5701660012087801 0.8215295071180275 -2.8497512401549926e-16 0.8215295071180275 0.5701660012087799 1.4910237070037175e-16 2.8497512401549926e-16 -1.4910237070037175e-16 -1.0 
0.16014050689946635 0.05599680552613673 0.47406404109886224 0.042455539516876084 -0.8055093228482001 -0.5910602828552809 -0.9710215739167288 0.1059955725332794 -0.2142009374200323 0.23519062513758765 0.58302630250099 -0.7776668312583576 
0.11388292029747389 -0.03268113559185282 0.4744840015453912 -0.8962143899960084 -0.03186384022861543 -0.44247538106652645 -0.10158967096534943 0.9856532397066426 0.1347858665029533 0.43183249752332736 0.16574796150084373 -0.8865936540157956 
0.060736829179182 0.01020974375444875 0.47522298238752064 0.005796993007138318 -0.9717996091243143 -0.2357369605681409 -0.9989540037760422 0.005064961562741943 -0.04544496126286496 0.04535739423611698 0.2357538247201898 -0.9707537488559658 
0.1616276111002877 0.021125346225790972 0.4757912900216101 -0.8053611447279173 -0.042259625538170156 -0.5912762050107481 0.008013613163196796 0.9965883210215571 -0.08214317018172702 0.5927303000240576 -0.07089317634869498 -0.8022748587489101 
0.1440638038790408 -0.03486600911452884 0.47548378208705167 -0.9069291350617354 0.4212832111254522 -3.140519133992873e-16 0.4212832111254522 0.9069291350617352 6.938107772560773e-17 3.140519133992873e-16 -6.938107772560773e-17 -1.0 
0.16706077581237033 -0.02207154235604061 0.4758432809007656 -0.029970796610892747 -0.7938940033894284 -0.6073171022890884 -0.9958987415243965 -0.028173821452406322 0.0859763479969432 -0.08536655071298155 0.60740311751511 -0.7897936470067948 
0.1647744182845268 0.002047671973043682 0.4748207596206811 -0.12927008534018902 -0.7830244050775763 -0.6084094230771313 -0.9848878507472436 0.17270402891926506 -0.013009221557361172 0.11526129656834139 0.5975333458878769 -0.7935166879564813 
0.08709604974912179 -0.003973913301016553 0.4754837820870552 -0.8456313850566625 0.5337673281563332 -3.0896312565510384e-16 0.5337673281563332 0.8456313850566621 8.935393243472137e-17 3.0896312565510384e-16 -8.935393243472137e-17 -1.0 
0.09157808912591615 0.03672668720399302 0.47616128030446786 -0.10258095990750116 0.9187236006585751 -0.3813451091300365 0.9881848070713297 0.05023225540403542 -0.14480161459881338 -0.11387683582649749 -0.39169333171496257 -0.9130215770463355 
0.07006024783784166 -0.015565345690670326 0.47558129444023545 -0.6576485046116263 0.6968189853413681 -0.28625468738505905 0.719548549662122 0.693550678819382 0.03517585234660475 0.22304333449181676 -0.18284079844771942 -0.9575076570773583 
0.05927678330803924 -0.03293242110596005 0.47548378208704634 -0.04290523940863977 -0.9990791462298105 2.3225046452481917e-16 -0.9990791462298105 0.04290523940863955 2.2249058403475407e-16 -2.3225046452481917e-16 -2.2249058403475407e-16 -1.0 
0.10832129004175084 0.05958620759916294 0.4755388036272464 -0.9041216999937907 0.11774984769204122 -0.41072974687601954 0.23891724419933585 0.9362750143960992 -0.2575027142415765 0.35423509428701855 -0.33094421098741883 -0.8746390267929861 
0.05709383371286474 0.03836337332753893 0.47548378208704883 -0.1356395230024312 -0.9907582549742764 -9.228180980562589e-17 -0.9907582549742764 0.13563952300243143 -8.050879085924013e-17 9.228180980562589e-17 8.050879085924013e-17 -1.0 
0.09090805156280479 -0.029254864163983207 0.47563617716684875 -0.5595561401067108 0.7425387464004485 -0.36814825296737413 0.7734337180967743 0.6274563041943085 0.08999372221338049 0.2978207678787336 -0.2343817322678332 -0.9254015311200059 
0.1036877278026852 0.0071969419672995045 0.47405883497192247 -0.4994790591149341 -0.7596840397585127 -0.4164142519677327 -0.8269549415949329 0.5613466772003696 -0.03217813804161207 0.2581979745803232 0.3282835173021792 -0.908605380894439 
0.1277930451893901 0.0004505175588825853 0.4754837820870526 -0.5419881538462793 0.8403861261886121 1.075316655334524e-16 0.8403861261886121 0.5419881538462792 -5.860493779725649e-17 -1.075316655334524e-16 5.860493779725649e-17 -1.0 
0.16156245239239211 -0.05999204411778607 0.47563791177174536 -0.7133092516712762 0.3828317749466311 -0.5870517384109991 0.31785017171518626 0.9232419995682232 0.21585985864420565 0.6246288336450622 -0.03261966162426881 -0.7802402052283179 
0.08702402093565079 0.013635636735743525 0.47561452641932367 -0.8552345840285215 0.3895120581787356 -0.34183938160330096 0.439837453415294 0.8943908067319931 -0.08129021716322522 0.2740744804878976 -0.21987596814263388 -0.9362359412982545 
0.12704998573814758 0.05613223211491114 0.47548378208706515 -0.3328201177351361 -0.9429903335828901 -9.997274653878926e-17 -0.9429903335828901 0.3328201177351364 -7.073222586706558e-17 9.997274653878926e-17 7.073222586706558e-17 -1.0 
0.11432143706652675 -0.014722853676299327 0.47548378208705594 -0.9939578739733911 -0.10976221921178711 3.2113833846802683e-16 -0.10976221921178711 0.9939578739733907 1.7677834203184896e-17 -3.2113833846802683e-16 -1.7677834203184896e-17 -1.0 
0.16546721690688967 -0.046137220420016105 0.47569926797900197 -0.7320457361877312 0.3200120742338063 -0.6014160893041851 0.2783824513637816 0.9462523000985309 0.16465052484256376 0.6217815137989022 -0.046891970558047114 -0.7817857073361784 
