0.13503657752834483 0.05680928023309699 0.4740680573199124 0.04300043613174964 -0.8575499399243445 -0.5126002955795412 -0.971048308154346 0.08480078492247645 -0.2233248980904606 0.2349811603577232 0.5073627177988994 -0.8290759475854141 
0.13661688022683616 -0.05369245516305271 0.475222241493265 -0.21601621027192464 0.8141728051382108 -0.5389430770249606 0.9131617528062174 0.36386560161164383 0.18367753584930632 0.3456481015594218 -0.4524648796726365 -0.8220723341356246 
0.06354245879651416 0.03909606681294089 0.47548378208703684 -0.22136250846660477 -0.9751915913528849 2.513370184972222e-16 -0.9751915913528849 0.22136250846660444 2.0067895103634366e-16 -2.513370184972222e-16 -2.0067895103634366e-16 -1.0 
0.12915331272849553 -0.034093534599577265 0.4736365551740498 -0.7618527668461869 -0.40539013768463084 -0.5052120326326816 -0.5329837633621457 0.8355655455189541 0.13326112386565175 0.36811502229756105 0.37079516637848503 -0.8526442839480117 
0.06439030395122214 0.05998864357918869 0.47548378208705283 -0.9998386851033122 0.017961173983894057 1.2245974097084556e-16 0.017961173983894057 0.9998386851033123 -1.099849067819352e-18 -1.2245974097084556e-16 1.099849067819352e-18 -1.0 
0.16031060416065038 0.06003364930225387 0.47579817624024795 -0.8055629234653401 0.11284264317487452 -0.5816656378189128 0.30522979299873265 0.9204474584508177 -0.24415415150552017 0.5078416582005906 -0.37422321428892896 -0.7759212821435799 
0.11010067626887361 -0.0008720936776538094 0.4741962026866113 -0.7911784424846 -0.4277373899752817 -0.4371240068502027 -0.47973820266379424 0.8773570441325015 0.009791527765951519 0.37932562403897074 0.21745193107492258 -0.8993479463584895 
0.08654962258358975 -0.05709590645952105 0.4754837820870614 -0.997397335089342 -0.07210101217513368 -5.661851322744983e-16 -0.07210101217513368 0.9973973350893428 -2.043785700438881e-17 5.661851322744983e-16 2.043785700438881e-17 -1.0 
0.12307957187444969 -0.015817598548328014 0.47548378208705033 -0.7283811847613495 -0.6851721314280469 2.989881194542664e-16 -0.6851721314280469 0.7283811847613488 1.1852612657689258e-16 -2.989881194542664e-16 -1.1852612657689258e-16 -1.0 
0.10691510098264413 -0.04510983059989678 0.47521568971010736 -0.20499803045867382 0.8736452328212786 -0.44127068186853136 0.9407632653620382 0.3002816085024437 0.15746566019466154 0.2700745934985741 -0.3828510973783922 -0.8834504803228875 
0.054626938524094795 -0.0011373825482447505 0.4746812563778488 -0.6889431457021713 -0.6883045665852465 -0.22714349122942706 -0.7074632812887189 0.7067376948187564 0.004187642591041235 0.15764849386592905 0.1635807272882941 -0.9738522978571427 
0.059201994609802085 -0.008726433791051728 0.4753675727036407 -0.2213012480208213 -0.9481872649072569 -0.22796198870013878 -0.974969859053024 0.22025646836331414 0.03034570945367071 0.021436687303624052 0.22897161136659594 -0.9731970353559608 
0.08764664412987834 0.05708039387246375 0.4754837820870622 -0.07253569577882613 -0.9973658169587933 2.355266441769557e-16 -0.9973658169587933 0.0725356957788259 2.1901949260022941e-16 -2.355266441769557e-16 -2.1901949260022941e-16 -1.0 
0.15438085718910027 -0.040938477354740085 0.4749360874863406 0.03360843153880266 0.7976527722305258 -0.6021798139114747 0.9865951916548874 0.06979148820251357 0.14750957927515757 0.15968845021778255 -0.5990652745130827 -0.7846148072395827 
0.11500452912069395 0.04532978920410671 0.4737634756627448 -0.27929817808599233 -0.8460576485724095 -0.45406935925029146 -0.9011968625390819 0.39419074100393603 -0.18016069120782785 0.33141626795852974 0.35888732911443477 -0.8725612542014156 
0.1258114764784974 0.021206307566221425 0.4739150389858901 -0.31110838773306115 -0.8131051761225963 -0.4920076662459405 -0.9112977219744376 0.40215262935848384 -0.08837264635767314 0.26971843282641206 0.4208719939158453 -0.8660939508684752 
0.15214118770592835 -0.0026268079954932235 0.4754837820870518 -0.7426884441750632 -0.6696371217971895 -1.143156603944386e-16 -0.6696371217971895 0.7426884441750634 -4.3926388597310816e-17 1.143156603944386e-16 4.3926388597310816e-17 -1.0 
0.06299522580160581 -0.06282805775236665 0.4744344196689243 -0.9349652892689857 -0.24298088400746506 -0.2584573424554093 -0.30742909071544133 0.9185243499901032 0.24859680741541085 0.17699509045179432 0.31188669173629185 -0.9334877768207532 
0.1718564162252032 -0.048102985441406794 0.4754837820870493 -0.012421401880891803 0.9999228514117046 8.713176520784772e-17 0.9999228514117046 0.012421401880892358 -8.605610564267407e-17 -8.713176520784772e-17 8.605610564267407e-17 -1.0 
0.10026840469384199 0.05978868856300246 0.4739631949236555 -0.011623053192052257 -0.9184465694925414 -0.3953742576621258 -0.9635873623469913 0.11592276758596554 -0.24095913985648731 0.26714097356950467 0.3781769571808844 -0.8863508838477823 
0.06688256000574419 -0.04476310860691405 0.47496040999452316 -0.7374869705120186 -0.619773874659063 -0.26831569580458225 -0.6696038015196396 0.7227828104447837 0.17092617680153052 0.08799839382313888 0.3057210382286979 -0.9480458477673508 
0.160392443217752 -0.015847221119375067 0.4754837820870512 -0.8944271909999171 -0.44721359549995554 3.1302074874759113e-16 -0.44721359549995554 0.8944271909999169 7.389417507231323e-17 -3.1302074874759113e-16 -7.389417507231323e-17 -1.0 
0.17126484951506526 0.00805765494290872 0.4754837820870533 -0.23383840548298274 0.972275475429251 -2.5261742783640517e-16 0.972275475429251 0.23383840548298251 1.9906474677711992e-16 2.5261742783640517e-16 -1.9906474677711992e-16 -1.0 
0.16832994621498945 0.03885404196005469 0.47461739735524067 0.052399440911695794 -0.7862222381420558 -0.6157181910931643 -0.9876366247909782 0.050418643731996005 -0.14843132329704042 0.14774368332902146 0.6158835544282073 -0.773859968871146 
0.14066368134799667 0.03525136148179039 0.4762583796888036 -0.03904508219156877 0.8327461411609107 -0.5522765122094783 0.9904539367119816 -0.040868254340753696 -0.13164643952221983 -0.1321986414771031 -0.5521445917228129 -0.8232009894447749 
0.15176191570347267 0.038056444350931404 0.47548378208705067 -0.9924652332214365 0.1225265720026459 -3.210181167928466e-16 0.1225265720026459 0.9924652332214363 1.9740996603377688e-17 3.210181167928466e-16 -1.9740996603377688e-17 -1.0 
0.09721624160005714 0.02144775637899422 0.4749251927645138 0.0070844601177867395 -0.9253575631342625 -0.3790292742982509 -0.995461054497109 0.02944762858903871 -0.09049931574319209 0.09490573957534615 0.3779500198712804 -0.9209487950342057 
0.0786479590582331 0.032741690668662934 0.47465236990051834 0.022836547199104107 -0.9498324104763892 -0.3119244846443372 -0.9901937086219884 0.021523104196483178 -0.13803324016764965 0.1378220284187394 0.31201786486411254 -0.9400265637141243 
0.08241132350885687 -0.02590719257120534 0.47518450751536584 -0.9321716983880433 0.1697099536560983 -0.3197725071897142 0.14286610906229413 0.9840712807351794 0.1057969248779205 0.332633731912071 0.05293624526039442 -0.9415691978457982 
0.09884312679256846 -0.019042662913320855 0.47548378208705094 -0.3565064819805104 0.9342928493282394 1.0085717293763721e-16 0.9342928493282394 0.3565064819805106 -6.946530424352952e-17 -1.0085717293763721e-16 6.946530424352952e-17 -1.0 
0.1466630696220524 0.02459727596751318 0.47488837418192803 -0.7761634389801627 -0.30514443273145225 -0.551776395982546 -0.31032065241176005 0.9466427574312669 -0.08699760048224421 0.5488819624265556 0.10370325441339236 -0.8294421175385563 
