-0.0063926608134742885 -0.00030641103744848564 0.0055 -0.023945228069936344 -0.9997132719198434 0.0 0.9997132719198434 -0.023945228069936344 0.0 0.0 0.0 1.0 
-0.005134647022264468 0.003820392644316895 0.0055 -0.31441326528247576 0.9492862047951669 0.0 -0.9492862047951669 -0.31441326528247576 0.0 0.0 0.0 1.0 
-0.00577278259002076 -0.0027631469682869196 0.0055 -0.22136250846660563 -0.9751915913528848 0.0 0.9751915913528848 -0.22136250846660563 0.0 0.0 0.0 1.0 
0.0031163497545900775 -0.005590023632066896 0.0055 -0.8622440632311421 -0.5064930161637475 0.0 0.5064930161637475 -0.8622440632311421 0.0 0.0 0.0 1.0 
0.00639587067173274 0.00022986594021076132 0.0055 -0.9998386851033122 0.01796117398389133 0.0 -0.01796117398389133 -0.9998386851033122 0.0 0.0 0.0 1.0 
0.005664473495187472 0.002978882344490736 0.0055 -0.9708434435126609 0.23971443049695348 0.0 -0.23971443049695348 -0.9708434435126609 0.0 0.0 0.0 1.0 
0.0034701679747671087 -0.005377539793148978 0.0055 -0.8781269116868474 -0.47842776567766176 0.0 0.47842776567766176 -0.8781269116868474 0.0 0.0 0.0 1.0 
0.006333458483754512 -0.0009204909747292417 0.0055 -0.997397335089342 -0.07210101217513315 0.0 0.07210101217513315 -0.997397335089342 0.0 0.0 0.0 1.0 
0.0003909011240236247 -0.006388051057344257 0.0055 -0.7283811847613485 -0.685172131428048 0.0 0.685172131428048 -0.7283811847613485 0.0 0.0 0.0 1.0 
-0.005500058105752469 0.0032725159790819307 0.0055 -0.2651564830210425 0.9642053928037904 0.0 -0.9642053928037904 -0.2651564830210425 0.0 0.0 0.0 1.0 
-3.6646486375307597e-19 -0.0064 0.0055 -0.7071067811865475 -0.7071067811865476 0.0 0.7071067811865476 -0.7071067811865475 0.0 0.0 0.0 1.0 
-0.005757889336753389 -0.0027940491022352522 0.0055 -0.22397521194574518 -0.9745948411693233 0.0 0.9745948411693233 -0.22397521194574518 0.0 0.0 0.0 1.0 
-0.006332653732324894 -0.0009260111805327211 0.0055 -0.07253569577882149 -0.9973658169587939 0.0 0.9973658169587939 -0.07253569577882149 0.0 0.0 0.0 1.0 
-0.00639571826797993 0.0002340680170971979 0.0055 -0.018289623125368897 0.9998327308534823 0.0 -0.9998327308534823 -0.018289623125368897 0.0 0.0 0.0 1.0 
-0.0047429973968017855 -0.004296972852361473 0.0055 -0.3597962317407737 -0.9330309060396336 0.0 0.9330309060396336 -0.3597962317407737 0.0 0.0 0.0 1.0 
-0.0045234735714549555 -0.004527492335537252 0.0055 -0.3828885310767112 -0.923794551169208 0.0 0.923794551169208 -0.3828885310767112 0.0 0.0 0.0 1.0 
0.0006603024014230678 -0.0063658464275126 0.0055 -0.742688444175064 -0.6696371217971886 0.0 0.6696371217971886 -0.742688444175064 0.0 0.0 0.0 1.0 
0.005366960907944514 -0.003486506935687264 0.0055 -0.9587981127083872 -0.28408832969137404 0.0 0.28408832969137404 -0.9587981127083872 0.0 0.0 0.0 1.0 
-0.006398025072324012 0.0001589816779170699 0.0055 -0.01242140188089085 0.9999228514117043 0.0 -0.9999228514117043 -0.01242140188089085 0.0 0.0 0.0 1.0 
-0.006340526841256432 -0.0008704707779740422 0.0055 -0.06816407064459443 -0.9976741248890635 0.0 0.9976741248890635 -0.06816407064459443 0.0 0.0 0.0 1.0 
0.0008001953056882839 -0.0063497785372998985 0.0055 -0.7500101721022837 -0.6614262935075251 0.0 0.6614262935075251 -0.7500101721022837 0.0 0.0 0.0 1.0 
0.0038400000000000027 -0.005119999999999999 0.0055 -0.894427190999916 -0.4472135954999577 0.0 0.4472135954999577 -0.894427190999916 0.0 0.0 0.0 1.0 
-0.005700090881551045 0.002910148439866706 0.0055 -0.23383840548298424 0.9722754754292506 0.0 -0.9722754754292506 -0.23383840548298424 0.0 0.0 0.0 1.0 
-0.0064 7.837739514543061e-19 0.0055 6.123233995736766e-17 -1.0 0.0 1.0 6.123233995736766e-17 0.0 0.0 0.0 1.0 
-0.0064 -7.837739514543061e-19 0.0055 6.123233995736766e-17 1.0 0.0 -1.0 6.123233995736766e-17 0.0 0.0 0.0 1.0 
0.006207836661161988 0.001556523044587902 0.0055 -0.9924652332214364 0.12252657200264665 0.0 -0.12252657200264665 -0.9924652332214364 0.0 0.0 0.0 1.0 
-0.006398049375190492 -0.00015800060957024974 0.0055 -0.012344738281669139 -0.9999238008152207 0.0 0.9999238008152207 -0.012344738281669139 0.0 0.0 0.0 1.0 
-0.0064 7.837739514543061e-19 0.0055 6.123233995736766e-17 -1.0 0.0 1.0 6.123233995736766e-17 0.0 0.0 0.0 1.0 
0.006070100760120207 0.002028269400742437 0.0055 -0.9870291899859858 0.1605408923471177 0.0 -0.1605408923471177 -0.9870291899859858 0.0 0.0 0.0 1.0 
-0.004773160042315247 0.0042634426477255565 0.0055 -0.35650648198051227 0.9342928493282385 0.0 -0.9342928493282385 -0.35650648198051227 0.0 0.0 0.0 1.0 
0.004944363277393884 -0.0040636525172754135 0.0055 -0.9414235927819088 -0.33722636159351893 0.0 0.33722636159351893 -0.9414235927819088 0.0 0.0 0.0 1.0 
