0.005478780669144983 -0.0033080148698884744 0.0055 -0.963343002142514 -0.2682727347738645 0.0 0.2682727347738645 -0.963343002142514 0.0 0.0 0.0 1.0 
-0.005664912214461016 -0.0029780479516707562 0.0055 -0.23964292863598774 -0.970861095499643 0.0 0.970861095499643 -0.23964292863598774 0.0 0.0 0.0 1.0 
-0.005555222987129604 0.003177970667464829 0.0055 -0.2569011563432515 0.9664376833865184 0.0 -0.9664376833865184 -0.2569011563432515 0.0 0.0 0.0 1.0 
-0.0013577594056160575 0.006254317660341625 0.0055 -0.6276344847411155 0.7785081589577302 0.0 -0.7785081589577302 -0.6276344847411155 0.0 0.0 0.0 1.0 
-0.005461719457013576 0.0033361085972850673 0.0055 -0.270745576918284 0.962650940153899 0.0 -0.962650940153899 -0.270745576918284 0.0 0.0 0.0 1.0 
-0.0023458088462728114 0.005954593257036808 0.0055 -0.5627909770820216 0.8265992475892192 0.0 -0.8265992475892192 -0.5627909770820216 0.0 0.0 0.0 1.0 
0.005620462285341645 -0.003061111513658424 0.0055 -0.9690710067081338 -0.24678205760890307 0.0 0.24678205760890307 -0.9690710067081338 0.0 0.0 0.0 1.0 
0.0019826224442128716 -0.006085162959502678 0.0055 -0.8092542112674673 -0.5874586126237911 0.0 0.5874586126237911 -0.8092542112674673 0.0 0.0 0.0 1.0 
-0.0025395667046750267 0.0058745724059293064 0.0055 -0.5491778866608374 0.835705479701274 0.0 -0.835705479701274 -0.5491778866608374 0.0 0.0 0.0 1.0 
0.006362485074356841 -0.0006919419618627214 0.0055 -0.9985334979028636 -0.054137358320034856 0.0 0.054137358320034856 -0.9985334979028636 0.0 0.0 0.0 1.0 
-0.004773160042315247 -0.0042634426477255565 0.0055 -0.35650648198051227 -0.9342928493282385 0.0 0.9342928493282385 -0.35650648198051227 0.0 0.0 0.0 1.0 
-0.00639571826797993 0.0002340680170971979 0.0055 -0.018289623125368897 0.9998327308534823 0.0 -0.9998327308534823 -0.018289623125368897 0.0 0.0 0.0 1.0 
0.0011731690239462336 0.00629155580450917 0.0055 -0.7691903730519509 0.6390196945354661 0.0 -0.6390196945354661 -0.7691903730519509 0.0 0.0 0.0 1.0 
-0.0020930388423457745 0.006048073115003808 0.0055 -0.5800701168322122 0.8145665470409791 0.0 -0.8145665470409791 -0.5800701168322122 0.0 0.0 0.0 1.0 
-3.6646486375307597e-19 -0.0064 0.0055 -0.7071067811865475 -0.7071067811865476 0.0 0.7071067811865476 -0.7071067811865475 0.0 0.0 0.0 1.0 
0.0064 -1.5675479029086122e-18 0.0055 -1.0 -1.2246467991473532e-16 0.0 1.2246467991473532e-16 -1.0 0.0 0.0 0.0 1.0 
0.0023184905660377344 0.005965283018867925 0.0055 -0.8253072612498317 0.5646839155919903 0.0 -0.5646839155919903 -0.8253072612498317 0.0 0.0 0.0 1.0 
-0.00028944460360986974 0.006393451479556338 0.0055 -0.6909320808465756 0.722919677182065 0.0 -0.722919677182065 -0.6909320808465756 0.0 0.0 0.0 1.0 
-0.0064 7.837739514543061e-19 0.0055 6.123233995736766e-17 -1.0 0.0 1.0 6.123233995736766e-17 0.0 0.0 0.0 1.0 
0.0017920000000000004 -0.006144 0.0055 -0.8 -0.6 0.0 0.6 -0.8 0.0 0.0 0.0 1.0 
-3.6646486375307597e-19 0.0064 0.0055 -0.7071067811865475 0.7071067811865476 0.0 -0.7071067811865476 -0.7071067811865475 0.0 0.0 0.0 1.0 
0.0034963758389261732 0.00536053691275168 0.0055 -0.879291966536774 0.47628314854075277 0.0 -0.47628314854075277 -0.879291966536774 0.0 0.0 0.0 1.0 
0.006113485380611857 -0.001893487919434688 0.0055 -0.9887446815838259 -0.14961268208176307 0.0 0.14961268208176307 -0.9887446815838259 0.0 0.0 0.0 1.0 
-0.0064 7.837739514543061e-19 0.0055 6.123233995736766e-17 -1.0 0.0 1.0 6.123233995736766e-17 0.0 0.0 0.0 1.0 
0.005483094555873926 -0.0033008595988538694 0.0055 -0.9635179096299407 -0.26764386378609467 0.0 0.26764386378609467 -0.9635179096299407 0.0 0.0 0.0 1.0 
0.0060209177025742164 -0.002169919357678626 0.0055 -0.985080806590815 -0.17209243006706992 0.0 0.17209243006706992 -0.985080806590815 0.0 0.0 0.0 1.0 
