0.10818590623871974 -0.05346640658379089 0.4738043721612261 -0.8824198770294577 -0.19512957101398115 -0.4280883216571278 -0.30841736707915796 0.927057489192516 0.2131739651459048 0.3552659402578254 0.32013881715275827 -0.8782353041439156 
0.15774356198640596 0.023835715479489032 0.47548378208705167 -0.23964292863599101 -0.9708610954996421 2.532109428330179e-16 -0.9708610954996421 0.23964292863599068 1.9830924508386994e-16 -2.532109428330179e-16 -1.9830924508386994e-16 -1.0 
0.16646718520585269 -0.0367926098969756 0.4748906180116181 -0.15852473312671045 0.7549075258073891 -0.6363839536525657 0.9462562782853777 0.30018168019624814 0.12037447686308844 0.28190240295643176 -0.583099979723823 -0.761922206562761 
0.06139040786385581 -0.03336476429884259 0.4757229295544573 -0.5983707527245814 0.7620207842131368 -0.24754144443105705 0.7639348546275848 0.6357646112436464 0.11048482690101165 0.24156982462416318 -0.1229946483283385 -0.962557185996572 
0.11493703333284189 0.011798341735425672 0.4754837820870447 -0.27074557691828605 0.9626509401538982 -2.5636779614944816e-16 0.9626509401538982 0.2707455769182856 1.9421094550409677e-16 2.5636779614944816e-16 -1.9421094550409677e-16 -1.0 
0.15584408338208636 -0.05079222169082053 0.47566942868477113 -0.41190707515031844 0.694983347340444 -0.5893476973405272 0.7808514115801496 0.6025787439071135 0.16483303802518928 0.4696846117070452 -0.39229708679876446 -0.7908851757460149 
0.1351077156363887 -0.05326670507406765 0.47362095952220934 -0.8410395989845261 -0.15246177170765085 -0.5190450858140473 -0.2977817992645822 0.9314970354446673 0.20890015075280366 0.4516396716041402 0.3302554785700915 -0.8288262338438281 
0.06087308761684268 0.008357803191767113 0.4747491642665524 -0.781921047681988 -0.5714238055457644 -0.2491471646386903 -0.5840612321736315 0.8112407721700314 -0.027584173737683737 0.2178805917554878 0.12394855394302842 -0.9680727264579406 
0.06889754978396449 -0.010330471018716678 0.4754837820870531 -0.5491778866608352 0.8357054797012754 -2.830641119701256e-16 0.8357054797012754 0.549177886660835 1.526992035692539e-16 2.830641119701256e-16 -1.526992035692539e-16 -1.0 
0.07408830603122343 0.061099385469430674 0.475483782087066 -0.9985334979028636 -0.05413735832003513 -1.2241977300373583e-16 -0.05413735832003513 0.9985334979028639 -3.3161731457166348e-18 1.2241977300373583e-16 3.3161731457166348e-18 -1.0 
0.11217681676783026 -0.025570029676606577 0.47548378208705155 -0.35650648198051105 -0.934292849328239 -1.0085717293763722e-16 -0.934292849328239 0.35650648198051105 -6.946530424352948e-17 1.0085717293763722e-16 6.946530424352948e-17 -1.0 
0.05632904928989673 0.05518907725033072 0.47548378208704156 -0.0182896231253713 0.9998327308534822 8.738391796736205e-17 0.9998327308534822 0.0182896231253713 -8.580005074177938e-17 -8.738391796736205e-17 8.580005074177938e-17 -1.0 
0.13572151463529067 0.04202802434588457 0.4750552929451237 -0.6889004672259373 0.4980772195460411 -0.5266262713017364 0.6657369052579479 0.7221469423175563 -0.18787806332558818 0.28672376816974093 -0.48002382969045243 -0.8290757526884116 
0.09806929284827856 -0.007502834522866411 0.4754837820870523 -0.5800701168322122 0.8145665470409792 1.0885140364301177e-16 0.8145665470409792 0.5800701168322124 -5.611568186848221e-17 -1.0885140364301177e-16 5.611568186848221e-17 -1.0 
0.09081620708913116 0.012238430618540462 0.4754837820870545 -0.7071067811865475 -0.7071067811865477 -1.1314261122877003e-16 -0.7071067811865477 0.7071067811865475 -4.686520405326299e-17 1.1314261122877003e-16 4.686520405326299e-17 -1.0 
0.09817630430269841 0.06353343186523092 0.47548378208705594 -1.0 0.0 1.2246467991473532e-16 0.0 1.0 -0.0 -1.2246467991473532e-16 0.0 -1.0 
0.09105682291421163 -0.020512155046357075 0.4754837820870528 -0.8253072612498323 0.5646839155919893 -3.072572628430104e-16 0.5646839155919893 0.8253072612498322 9.505426179999213e-17 3.072572628430104e-16 -9.505426179999213e-17 -1.0 
0.07542314420287766 0.03052645780213706 0.4754837820870462 -0.6909320808465771 0.7229196771820637 1.1260532691809978e-16 0.7229196771820637 0.6909320808465775 -4.814185472420491e-17 -1.1260532691809978e-16 4.814185472420491e-17 -1.0 
0.10621578033189848 0.035106101345340396 0.47461695246503843 0.03225838969145045 -0.9099839532829528 -0.41338674514556395 -0.9890307746730396 0.030586471277631477 -0.1445081123135657 0.14414410513150375 0.41351381179147034 -0.8990154639457134 
0.11073052095376096 0.029805535557734405 0.4744352322106021 -0.704841496589285 -0.5592322231201307 -0.4364146941956626 -0.5752168849792879 0.8106094461185208 -0.10971718688588045 0.41511925987660714 0.17369987474820714 -0.8930309925147925 
0.10857643708728432 0.02833688499813937 0.4754837820870461 -0.7071067811865461 0.7071067811865489 -2.971423203608124e-16 0.7071067811865489 0.7071067811865459 1.2308037904845993e-16 2.971423203608124e-16 -1.2308037904845993e-16 -1.0 
0.09565654656542129 0.03701716983433923 0.4752795574896208 -0.8307090944856317 0.4069126240375011 -0.37992698869358726 0.49688864649032244 0.8496979407562866 -0.17639467810436266 0.2510459585969815 -0.3353140704972602 -0.90804206994978 
0.13362334131414322 0.014486845404774122 0.4754837820870459 -0.9887446815838263 -0.14961268208176032 -5.649574544400812e-16 -0.14961268208176032 0.9887446815838272 -4.250158444348386e-17 5.649574544400812e-16 4.250158444348386e-17 -1.0 
0.17075794046985002 0.05664099343723439 0.47548378208709635 -2.6645352591003757e-15 -1.0000000000000002 -8.659560562354946e-17 -1.0000000000000002 2.886579864025407e-15 -8.659560562354922e-17 8.659560562354946e-17 8.659560562354922e-17 -1.0 
0.12518381311215768 0.06525907504761838 0.475483782087055 -0.9635179096299402 -0.2676438637860961 -1.2134259749567057e-16 -0.2676438637860961 0.9635179096299402 -1.6540007848313e-17 1.2134259749567057e-16 1.6540007848313e-17 -1.0 
0.15299205890459322 0.06303340707279989 0.4759861966320506 -0.8032246833540104 -0.21677660644610997 -0.5548315158212969 -0.09547454462603017 0.966240370054594 -0.23929930757361761 0.587975100985834 -0.1392388242354446 -0.7968047630669819 
