0.08292709640234999 -0.029082416677892436 0.4754837820870535 -0.7374113097006127 -0.6754439727509803 2.997681507332456e-16 -0.6754439727509803 0.737411309700613 1.1653923829376272e-16 -2.997681507332456e-16 -1.1653923829376272e-16 -1.0 
0.07161628271034963 0.028400889052483936 0.4754837820870576 -0.2739170823610473 -0.9617533114010118 -4.521648602951708e-16 -0.9617533114010118 0.27391708236104795 -3.4136527228450117e-16 4.521648602951708e-16 3.4136527228450117e-16 -1.0 
0.11101840863225185 0.014160236825183345 0.4757344377532509 -0.9064649397421396 -0.013898152027622452 -0.42205231238378055 0.012563633397853767 0.9981282010765811 -0.05985189496978159 0.42209414605526513 -0.05955615489474221 -0.90459360835683 
0.07703813631177141 -0.004357305643094666 0.4754837820870566 -0.6528177847742671 -0.7575149766720252 -1.1132900883580855e-16 -0.7575149766720252 0.6528177847742673 -5.1024010213379326e-17 1.1132900883580855e-16 5.1024010213379326e-17 -1.0 
0.12441136562334956 -0.02310359358179497 0.4754837820870496 4.440892098500626e-16 1.0 8.65956056235493e-17 1.0 -4.440892098500626e-16 -8.659560562354935e-17 -8.65956056235493e-17 8.659560562354935e-17 -1.0 
0.14672857679994677 -0.035371800615947975 0.475316541790517 -0.37398459031604414 0.7319614077491815 -0.5695331630133377 0.8478905775036653 0.5186712787990853 0.10982564877760995 0.3757886304648422 -0.4418287022305798 -0.8145982464372237 
0.091539003853839 0.05023832765415716 0.47569255929670845 -0.8518369177959155 -0.39215213632796336 -0.3472615260194674 -0.34282548229992243 0.9186327620429494 -0.1964294712795575 0.39603605159856387 -0.04827577523722858 -0.9169650458765941 
0.15822416972735187 0.022524152494694707 0.4754837820870467 -0.054137358320034634 0.9985334979028637 8.890874016118439e-17 0.9985334979028637 0.054137358320034856 -8.42189631233345e-17 -8.890874016118439e-17 8.42189631233345e-17 -1.0 
0.16387364123397866 -0.017366055588047487 0.4754837820870509 -0.3070027799227576 0.9517086177605509 -2.5999944582869723e-16 0.9517086177605509 0.30700277992275726 1.8932148960139353e-16 2.5999944582869723e-16 -1.8932148960139353e-16 -1.0 
0.1508987386276062 0.04417094761688089 0.4741825579711542 -0.6250921811803073 -0.5340161369484133 -0.5692859830576715 -0.5534906498202943 0.8175144082604141 -0.15911722989084054 0.5503706619985793 0.2156315324003416 -0.8065948032599306 
0.12099882819035793 0.035710805692340204 0.47499427570160585 -0.6095177579872822 0.6272389099388755 -0.48482930249403033 0.7675285700628107 0.6199919331995645 -0.16281860122480954 0.19846409457504832 -0.47136117004496436 -0.8593198767271408 
0.1394522353064465 0.005641766867113777 0.4751541702260318 -0.049334936184296074 -0.8489728462902186 -0.5261284732207292 -0.9969837263689958 0.07345817751315464 -0.025046866307710552 0.059912548160481166 0.5233058402295258 -0.8500361663803417 
