0.000560325627831962 -0.006375424314568774 0.0055 -0.7374113097006121 -0.675443972750981 0.0 0.675443972750981 -0.7374113097006121 0.0 0.0 0.0 1.0 
-0.005439608729482384 -0.003372040460928526 0.0055 -0.2739170823610475 -0.9617533114010116 0.0 0.9617533114010116 -0.2739170823610475 0.0 0.0 0.0 1.0 
0.0064 -1.5675479029086122e-18 0.0055 -1.0 -1.2246467991473532e-16 0.0 1.2246467991473532e-16 -1.0 0.0 0.0 0.0 1.0 
-0.0009450104304949743 -0.006329846387255832 0.0055 -0.6528177847742662 -0.7575149766720258 0.0 0.7575149766720258 -0.6528177847742662 0.0 0.0 0.0 1.0 
-0.0064 -7.837739514543061e-19 0.0055 6.123233995736766e-17 1.0 0.0 -1.0 6.123233995736766e-17 0.0 0.0 0.0 1.0 
-0.003348862155015083 0.005453908897910537 0.0055 -0.48823165007959757 0.8727140745172804 0.0 -0.8727140745172804 -0.48823165007959757 0.0 0.0 0.0 1.0 
0.0045234735714549555 -0.004527492335537251 0.0055 -0.923794551169208 -0.38288853107671117 0.0 0.38288853107671117 -0.923794551169208 0.0 0.0 0.0 1.0 
-0.00636248507435684 0.000691941961862719 0.0055 -0.05413735832003467 0.9985334979028636 0.0 -0.9985334979028636 -0.05413735832003467 0.0 0.0 0.0 1.0 
-0.005193590951932138 0.0037398680490103695 0.0055 -0.30700277992275854 0.9517086177605508 0.0 -0.9517086177605508 -0.30700277992275854 0.0 0.0 0.0 1.0 
0.0017470514056820723 -0.006156931978339886 0.0055 -0.7978022255351961 -0.6029192391449191 0.0 0.6029192391449191 -0.7978022255351961 0.0 0.0 0.0 1.0 
-0.0008348460107089894 0.006345315763490678 0.0055 -0.6593767173728233 0.7518127057895735 0.0 -0.7518127057895735 -0.6593767173728233 0.0 0.0 0.0 1.0 
-0.006342673131731873 -0.0008546914905429878 0.0055 -0.06692280316489604 -0.9977581562766363 0.0 0.9977581562766363 -0.06692280316489604 0.0 0.0 0.0 1.0 
