0.15492672963638482 -0.010415708849179105 0.4746832544926043 -0.24557763065343752 -0.7767683719578579 -0.5799332061958365 -0.9597279150639896 0.2790242683610915 0.03267700586781208 0.13643297390869766 0.5646028285365708 -0.8140084088256904 
0.12347774938747066 -0.04860330246409858 0.4747729696624232 -0.8647807073274559 0.1771028711915671 -0.46988179497606436 0.09574318486334671 0.9767272763694167 0.19192985736514542 0.492937694629299 0.1209892582491737 -0.861611297861087 
0.06574106735725091 0.05744059125899706 0.47548378208704134 -0.5532962892825425 -0.8329845234253569 -1.0792523581683423e-16 -0.8329845234253569 0.5532962892825424 -5.787694964750041e-17 1.0792523581683423e-16 5.787694964750041e-17 -1.0 
0.15928107208273473 -0.048055631725615826 0.47476865692486475 -0.7982980019905458 0.13973597197299953 -0.5858277546810696 0.037921135541079086 0.9824435924978017 0.18266519931089165 0.6010676230651403 0.12360600995410276 -0.7895817036925619 
0.09663430406313556 -0.04331952823310116 0.47507838391902757 -0.5358958036299535 -0.7554406965990749 -0.37699475006120553 -0.8412869232632659 0.5153931327567088 0.16311416693056768 0.07107742537567138 0.4045729509360825 -0.9117393964137099 
0.1256157191036965 -0.017370671540954993 0.4754837820870589 -0.8137334712067352 0.581238193719096 5.395267245742113e-16 0.581238193719096 0.8137334712067357 -1.7289946060600116e-16 -5.395267245742113e-16 1.7289946060600116e-16 -1.0 
0.07028197764399337 -0.05010426374928185 0.47574326929127747 -0.1777206209433887 -0.9488892964064642 -0.2608150380187878 -0.9689477725872034 0.12242885820134208 0.2148287426714896 -0.1719174071750553 0.2908956476896158 -0.9411823028858146 
0.11438954284555403 0.0076534391533616105 0.4751569909491251 -0.2328500017451406 0.849519363540148 -0.47338961507159205 0.969093632013183 0.24346767978927208 -0.039762058416615426 0.08147643265868768 -0.46801745679875095 -0.8799552551424666 
0.06670681571742922 0.014969217937800766 0.4752202321405305 -0.6765539256713324 0.6796551507145072 -0.28344957534974297 0.7240395519797416 0.6841602960755984 -0.0877007208791596 0.13431869872688668 -0.26456297054007716 -0.954968544922463 
0.07790733908974985 -0.010028642445576014 0.47537421633262117 -0.5701291446797395 0.7543169218819445 -0.3255130408283166 0.7949848994610997 0.6064892890322965 0.013028887823826621 0.2072480832615205 -0.2513498033650495 -0.9454477819175298 
0.09735401000156065 -0.017912355111374678 0.4752619065238088 -0.4364156445320113 0.8039444639347533 -0.40399837142786965 0.8678628929199848 0.49460035632926047 0.04673849175490041 0.2373928901636777 -0.3302177863586846 -0.9135649015106185 
