-0.005322192574521612 -0.0035544712967904265 0.0055 -0.2901787468363234 -0.9569724629708531 0.0 0.9569724629708531 -0.2901787468363234 0.0 0.0 0.0 1.0 
0.006128391969055075 0.0018446712101676175 0.0055 -0.9893334233626334 0.14566872491228952 0.0 -0.14566872491228952 -0.9893334233626334 0.0 0.0 0.0 1.0 
-0.0024814491682070223 -0.005899356746765251 0.0055 -0.5532962892825384 -0.8329845234253597 0.0 0.8329845234253597 -0.5532962892825384 0.0 0.0 0.0 1.0 
0.006276347169811323 0.0012519849056603712 0.0055 -0.995158089271001 0.09828721869343168 0.0 -0.09828721869343168 -0.995158089271001 0.0 0.0 0.0 1.0 
-0.0025222060735867816 -0.005882046967031285 0.0055 -0.550411346631801 -0.834893615677451 0.0 0.834893615677451 -0.550411346631801 0.0 0.0 0.0 1.0 
0.002075675675675676 0.006054054054054055 0.0055 -0.813733471206735 0.5812381937190965 0.0 -0.5812381937190965 -0.813733471206735 0.0 0.0 0.0 1.0 
-0.006102259109010382 -0.0019293609736127178 0.0055 -0.1525155962797375 -0.9883010638926967 0.0 0.9883010638926967 -0.1525155962797375 0.0 0.0 0.0 1.0 
-0.005584424778761063 0.0031263716814159286 0.0055 -0.2524218971470027 0.9676172723968439 0.0 -0.9676172723968439 -0.2524218971470027 0.0 0.0 0.0 1.0 
-0.0002206240713224328 0.006396196136701338 0.0055 -0.6948120209293553 0.7191913900847708 0.0 -0.7191913900847708 -0.6948120209293553 0.0 0.0 0.0 1.0 
-0.0017470514056820692 0.006156931978339887 0.0055 -0.6029192391449193 0.797802225535196 0.0 -0.797802225535196 -0.6029192391449193 0.0 0.0 0.0 1.0 
-0.0034007625649913335 0.005421698440207974 0.0055 -0.4840613851672659 0.8750340424177495 0.0 -0.8750340424177495 -0.4840613851672659 0.0 0.0 0.0 1.0 
