0.0007180721090977005 0.006359589015505325 0.0055 -0.7457207141572895 0.6662586708454473 0.0 -0.6662586708454473 -0.7457207141572895 0.0 0.0 0.0 1.0 
0.004139752243898824 -0.004880824864624283 0.0055 -0.907423905379727 -0.42021643940403425 0.0 0.42021643940403425 -0.907423905379727 0.0 0.0 0.0 1.0 
-0.003923412831709774 -0.005056365468592543 0.0055 -0.43986744881006357 -0.898062707987213 0.0 0.898062707987213 -0.43986744881006357 0.0 0.0 0.0 1.0 
-0.0064 7.837739514543061e-19 0.0055 6.123233995736766e-17 -1.0 0.0 1.0 6.123233995736766e-17 0.0 0.0 0.0 1.0 
0.0064 -1.5675479029086122e-18 0.0055 -1.0 -1.2246467991473532e-16 0.0 1.2246467991473532e-16 -1.0 0.0 0.0 0.0 1.0 
0.006360615384615386 -0.0007089230769230732 0.0055 -0.9984603532054125 -0.05547001962252262 0.0 0.05547001962252262 -0.9984603532054125 0.0 0.0 0.0 1.0 
-0.004710619742489268 0.0043324429184549386 0.0055 -0.36329441589160977 0.9316743891413857 0.0 -0.9316743891413857 -0.36329441589160977 0.0 0.0 0.0 1.0 
0.006387818341010316 -0.0003946857512657561 0.0055 -0.9995240406770769 -0.03084950742830528 0.0 0.03084950742830528 -0.9995240406770769 0.0 0.0 0.0 1.0 
-0.003412944393801276 0.005414038286235188 0.0055 -0.4830773429113348 0.8755776840267943 0.0 -0.8755776840267943 -0.4830773429113348 0.0 0.0 0.0 1.0 
0.0064 -1.5675479029086122e-18 0.0055 -1.0 -1.2246467991473532e-16 0.0 1.2246467991473532e-16 -1.0 0.0 0.0 0.0 1.0 
0.006343362831858407 -0.0008495575221238947 0.0055 -0.9977851578566089 -0.066519010523774 0.0 0.066519010523774 -0.9977851578566089 0.0 0.0 0.0 1.0 
0.0019277400765818709 0.00610277135383099 0.0055 -0.8066007026298444 0.5910966981104203 0.0 -0.5910966981104203 -0.8066007026298444 0.0 0.0 0.0 1.0 
0.0064 -1.5675479029086122e-18 0.0055 -1.0 -1.2246467991473532e-16 0.0 1.2246467991473532e-16 -1.0 0.0 0.0 0.0 1.0 
0.006327504424778762 0.0009605663716814139 0.0055 -0.9971641204866132 0.07525766947068761 0.0 -0.07525766947068761 -0.9971641204866132 0.0 0.0 0.0 1.0 
-0.0005066925014532097 0.006379910869986436 0.0055 -0.6785386122572303 0.7345647362050753 0.0 -0.7345647362050753 -0.6785386122572303 0.0 0.0 0.0 1.0 
