0.13177378648420635 0.03045089595755676 0.47511522787090615 -0.6670355994477157 0.5376392054153097 -0.5157592402175852 0.6863472167978361 0.712736725169179 -0.14468537793771197 0.28981202021878033 -0.4505002168651072 -0.844427940999823 
0.12115844583532523 0.05042591326879691 0.4754837820870504 -0.907423905379726 -0.4202164394040364 -1.1959677382304946e-16 -0.4202164394040364 0.9074239053797264 -2.63478560368188e-17 1.1959677382304946e-16 2.63478560368188e-17 -1.0 
0.10280913102242263 -0.04887168776194991 0.4754556690720044 -0.4386664872577397 -0.8080113519802163 -0.393305692849796 -0.8986327851064093 0.3971188915399141 0.1864288162114633 0.005552520945753203 0.4352174640949195 -0.9003082408030787 
0.16744592887565118 -0.041014646778932684 0.4760291363946876 -0.0555841095574352 -0.7948406147018722 -0.6042671627558931 -0.9858703614051004 -0.052090440782791125 0.15920495118566833 -0.15801910412251913 0.6045783515801773 -0.7807144033082212 
0.07787253763276754 -0.007689110136756182 0.47548378208705433 -1.0 0.0 1.2246467991473532e-16 0.0 1.0 0.0 -1.2246467991473532e-16 0.0 -1.0 
0.0779304678224604 -0.024397634473517463 0.47475010140436164 -0.9503918869869167 -0.03550116828034765 -0.3090225367188907 -0.07112285741110355 0.9919489842844057 0.10477953870301056 0.30281479538346134 0.12156018932144806 -0.9452652114983424 
0.14927707400753465 -0.032612967988299595 0.4750460068610446 -0.2667593968712427 0.7672756928717182 -0.5832044541231793 0.912576955562026 0.39568079669663625 0.10315041106393569 0.30990760616357027 -0.5047026037715081 -0.8057496865579443 
0.122502224479154 0.0017467911307429739 0.4754411995558189 -0.8842301344479117 -0.028693192113172603 -0.466169250445141 -0.029285368313812676 0.9995532334050916 -0.005975013987508238 0.4661324238206911 0.008368650774357377 -0.8846753806607621 
0.07731958897032526 0.05006483414142807 0.47561662500391183 -0.4871603900312237 0.8088573753817967 -0.3292787583114002 0.8729526264871661 0.4401959610383178 -0.21019331053749213 -0.025069230019776095 -0.3898426120577684 -0.9205402063626509 
0.1611145500976891 -0.06087756452104859 0.47548378208708786 -1.0 0.0 -1.2246467991473532e-16 -0.0 1.0 0.0 1.2246467991473532e-16 0.0 -1.0 
0.12228299917888136 -0.01591976351879667 0.4749161905869236 -0.8819798812504586 -0.04130305760604122 -0.46947369095809727 -0.08231944581462958 0.9943397918582897 0.06717058260864978 0.4640420217073011 0.09788991653692028 -0.8803877363583591 
0.0752323415100628 0.025914023605953792 0.47548378208706066 -0.8066007026298443 0.5910966981104204 -3.0567875373926533e-16 0.5910966981104204 0.8066007026298438 1.0001418783617562e-16 3.0567875373926533e-16 -1.0001418783617562e-16 -1.0 
0.12848454001151174 -0.03849754085736331 0.474562496250987 -0.8703263924133721 0.041699295104594664 -0.4907067754336647 -0.039819861943205165 0.9871877476821461 0.1545144958283055 0.4908628619722103 0.1540179197821841 -0.8575150909006906 
0.12186801833377552 -0.060643215343542445 0.4754837820870675 -0.9971641204866136 0.07525766947068124 5.661520776356192e-16 0.07525766947068124 0.9971641204866142 -2.133389313966822e-17 -5.661520776356192e-16 2.133389313966822e-17 -1.0 
0.1566971337999165 -0.01600485141977447 0.4754837820870421 -0.6785386122572303 0.7345647362050756 5.190293246715101e-16 0.7345647362050756 0.678538612257231 -2.271384382676324e-16 -5.190293246715101e-16 2.271384382676324e-16 -1.0 
