-0.0004609143651234882 -0.0011123360603291896 0.0064 0.9993908270190958 -0.03489949670250097 0.0 0.03489949670250097 0.9993908270190958 0.0 0.0 0.0 1.0 
-0.0004609103211170744 -0.0011123320163371022 0.0064 0.9986295347545738 -0.052335956242943835 0.0 0.052335956242943835 0.9986295347545738 0.0 0.0 0.0 1.0 
-0.0004609143651234882 -0.0011123360603291896 0.0064 0.9986295347545738 -0.052335956242943835 0.0 0.052335956242943835 0.9986295347545738 0.0 0.0 0.0 1.0 
-0.0004609143651234882 -0.0011123360603291896 0.0064 1.0 -0.0 0.0 0.0 1.0 0.0 0.0 0.0 1.0 
-0.0004609108988425095 -0.0011123325940625374 0.0064 0.9975640502598242 -0.0697564737441253 0.0 0.0697564737441253 0.9975640502598242 0.0 0.0 0.0 1.0 
-0.0004609143651234882 -0.0011123354826324072 0.0064 0.9902680687415704 -0.13917310096006544 0.0 0.13917310096006544 0.9902680687415704 0.0 0.0 0.0 1.0 
-0.0004609108988425095 -0.0011123325940625374 0.0064 0.9876883405951378 -0.15643446504023087 0.0 0.15643446504023087 0.9876883405951378 0.0 0.0 0.0 1.0 
-0.0004609108988425095 -0.0011123331717593197 0.0064 0.9945218953682733 -0.10452846326765347 0.0 0.10452846326765347 0.9945218953682733 0.0 0.0 0.0 1.0 
