0.12644414925511638 -0.0450575469101431 0.47578562273032154 -0.7620571859534644 0.4377274496520554 -0.47714099085888034 0.4123451867053897 0.8962151631436227 0.16361487815093842 0.4992397143032435 -0.07206289733667662 -0.8634620121869052 
0.09198277484167648 0.033212241892368495 0.47548378208704667 -0.5027270118184942 -0.8644452276391185 2.787880878580875e-16 -0.8644452276391185 0.5027270118184939 1.60373128436629e-16 -2.787880878580875e-16 -1.60373128436629e-16 -1.0 
0.12721703726265404 0.006811637939977863 0.47410172902727465 -0.7489576958556267 -0.4385187961510462 -0.496753092834728 -0.4953312077728757 0.8684773425924917 -0.019851952290596914 0.4401242602094264 0.23118903699293594 -0.8676648343394954 
0.12333625207957556 -0.013363880229098561 0.47400663600886744 -0.8046131650631569 -0.34455295360741983 -0.48361236209122294 -0.4224022006004749 0.9045293050976039 0.058336242144328365 0.41734162928579877 0.25121703441456505 -0.8733361128941286 
0.07640435086285689 -0.02603358696093657 0.4750940793454671 -0.943649208749806 0.14452532847258526 -0.29772235430977734 0.1171210356379493 0.9872262903945254 0.10801349251347064 0.3095300208977466 0.06705729627531004 -0.9485222639344244 
0.14922210702904748 -0.047053015360435116 0.47526853419264803 -0.2884433633119895 0.7635968082314452 -0.5776853301062936 0.8798921220589871 0.4493242204968466 0.15458848085622018 0.37761128121363136 -0.46371074964211384 -0.8014874053698839 
0.07711277369642168 0.05269953930092267 0.4754837820870649 -0.6261912478130588 0.7796694948260604 -2.900146764608825e-16 0.7796694948260604 0.6261912478130585 1.390461279338979e-16 2.900146764608825e-16 -1.390461279338979e-16 -1.0 
0.07520718856486586 -0.007191059374388405 0.47548378208705216 -0.5432512781572745 -0.8395701571521511 -1.0757569896407339e-16 -0.8395701571521511 0.5432512781572747 -5.852407042413948e-17 1.0757569896407339e-16 5.852407042413948e-17 -1.0 
