0.003727493411528897 0.005202479492223748 0.0055 -0.8895000971195535 0.45693498139703087 0.0 -0.45693498139703087 -0.8895000971195535 0.0 0.0 0.0 1.0 
-0.0031649990603270046 -0.005562623566998686 0.0055 -0.5027270118184946 -0.8644452276391185 0.0 0.8644452276391185 -0.5027270118184946 0.0 0.0 0.0 1.0 
0.003189847482894383 -0.005548411757960324 0.0055 -0.865567348391287 -0.5007925372835306 0.0 0.5007925372835306 -0.865567348391287 0.0 0.0 0.0 1.0 
0.004247163731734731 -0.00478765080554515 0.0055 -0.9120360006829642 -0.41011014795811157 0.0 0.41011014795811157 -0.9120360006829642 0.0 0.0 0.0 1.0 
0.006170997671237941 0.0016966990721916234 0.0055 -0.9910142244516292 0.1337565210916309 0.0 -0.1337565210916309 -0.9910142244516292 0.0 0.0 0.0 1.0 
-0.004294496152436792 0.004745240014657383 0.0055 -0.4055767351449978 0.9140610001029058 0.0 -0.9140610001029058 -0.4055767351449978 0.0 0.0 0.0 1.0 
-0.0013809218708777718 0.006249244337240419 0.0055 -0.6261912478130576 0.7796694948260615 0.0 -0.7796694948260615 -0.6261912478130576 0.0 0.0 0.0 1.0 
-0.002622439024390247 -0.005838048780487804 0.0055 -0.543251278157274 -0.8395701571521513 0.0 0.8395701571521513 -0.543251278157274 0.0 0.0 0.0 1.0 
