0.07646589753802492 -0.046903455478434795 0.47548378208705094 -0.16929945053671824 0.9855646584816065 9.363942251540156e-17 0.9855646584816065 0.16929945053671847 -7.892563827806961e-17 -9.363942251540156e-17 7.892563827806961e-17 -1.0 
0.0862571433053306 -0.011597894632597444 0.47508572938321003 -0.3018511818019852 -0.8912328593639172 -0.33851123236129255 -0.9508694810977278 0.30706972934981447 0.03943870223485346 0.0687974851406837 0.3337846187394617 -0.9401354872204695 
0.1201608278370924 0.019862301362960525 0.4747440454641717 -0.8018227147574924 -0.3744550539795355 -0.46568631786655296 -0.38844814560207386 0.9188098415399069 -0.06997509033736213 0.4540796981557698 0.1247873697078159 -0.8821789728191043 
0.12591938801611496 0.009328570625404261 0.4749792451054464 -0.07493360720165887 -0.8729868247809227 -0.481953273949529 -0.9932943182171929 0.10801592249723058 -0.041218416812317915 0.08804176230170091 0.47563280400535296 -0.8752268756412912 
0.13264325893998358 -0.02392383925544314 0.47548378208706465 -0.861164547299667 -0.5083262952810524 3.1026054587400497e-16 -0.5083262952810524 0.8611645472996667 8.47391994892843e-17 -3.1026054587400497e-16 -8.47391994892843e-17 -1.0 
0.09766124035670386 -0.0565434212990764 0.4754837820870764 -0.9993314265864824 0.036560905850728805 1.2244420904653607e-16 0.036560905850728805 0.9993314265864828 -2.2390840955071236e-18 -1.2244420904653607e-16 2.2390840955071236e-18 -1.0 
0.07075335630144851 0.03978451159385882 0.47472378500048745 -0.5878650932645433 -0.7563702341273749 -0.2869123577805072 -0.751445685882156 0.6419122505747256 -0.15257143812387294 0.29957305167549036 0.1259076307782437 -0.9457289544164562 
0.06562336134398684 0.060095740810543995 0.47548378208703623 -0.8821878840598668 -0.47089758676168114 -1.1880298169504013e-16 -0.47089758676168114 0.8821878840598669 -2.9722876156027344e-17 1.1880298169504013e-16 2.9722876156027344e-17 -1.0 
0.09308597054801547 0.05229249138337748 0.47548378208705433 -0.8137334712067359 0.5812381937190951 -3.062815952967255e-16 0.5812381937190951 0.8137334712067357 9.815254779481323e-17 3.062815952967255e-16 -9.815254779481323e-17 -1.0 
0.15840310054405018 -0.05246095713786435 0.47416248378238757 -0.548164519315816 -0.5921862889575407 -0.5906192165295309 -0.8071592729520078 0.5595693227138456 0.1880853028951356 0.21911085744628622 0.5798254670573422 -0.7847247032564275 
0.10886716186677622 0.03259352564123803 0.47544507655573337 -0.8280957471950643 0.3658799153531995 -0.424722640105968 0.46522001078692354 0.8712486648722013 -0.15651231747636302 0.3127743196633362 -0.327196655697369 -0.8916919722973816 
0.1538419205160814 0.03874623792252246 0.4754837820870445 2.4424906541753444e-15 -1.0 -8.659560562354923e-17 -1.0 -2.3314683517128287e-15 -8.659560562354943e-17 8.659560562354923e-17 8.659560562354943e-17 -1.0 
0.15269740167090168 -0.012694798200020879 0.4749303070629156 -0.8202145865487445 -0.04823947668325955 -0.5700184075115446 -0.09496002654942969 0.9940950924149754 0.05251228993477216 0.564119336107533 0.09720030928853685 -0.8199521172018578 
0.06723641579915147 0.002541048730605506 0.4754837820870528 -0.5889164833215534 0.8081938973242587 1.0915569246938467e-16 0.8081938973242587 0.5889164833215534 -5.552146096913963e-17 -1.0915569246938467e-16 5.552146096913963e-17 -1.0 
0.14758821751883133 -0.041982552813225514 0.47396760734548166 -0.5765605480532661 -0.5938496726873363 -0.5611777799215334 -0.7771984598227506 0.610509440005199 0.1524492627521806 0.25207238737644777 0.5240427367244798 -0.8135347082999321 
0.11503479877081271 -0.03283132961254225 0.47543205417227613 -0.29163525459671147 -0.849920817320555 -0.4388433462654646 -0.956476008912758 0.2639733926136091 0.12438525783380525 0.010125346938867935 0.4560182587103506 -0.889912818804262 
