-0.006033122509413957 0.002135751105911602 0.0055 -0.16929945053671783 0.9855646584816063 0.0 -0.9855646584816063 -0.16929945053671783 0.0 0.0 0.0 1.0 
-0.005134931793137517 -0.003820009879545541 0.0055 -0.3143778835432473 -0.9492979228560803 0.0 0.9492979228560803 -0.3143778835432473 0.0 0.0 0.0 1.0 
0.004288659793814436 -0.004750515463917524 0.0055 -0.9138115486202573 -0.4061384660534474 0.0 0.4061384660534474 -0.9138115486202573 0.0 0.0 0.0 1.0 
-0.006276347169811321 -0.001251984905660377 0.0055 -0.09828721869343215 -0.9951580892710009 0.0 0.9951580892710009 -0.09828721869343215 0.0 0.0 0.0 1.0 
0.003092536032330744 -0.005603233074639678 0.0055 -0.8611645472996664 -0.5083262952810533 0.0 0.5083262952810533 -0.8611645472996664 0.0 0.0 0.0 1.0 
0.006382890242091192 0.00046766671617407587 0.0055 -0.9993314265864826 0.036560905850725585 0.0 -0.036560905850725585 -0.9993314265864826 0.0 0.0 0.0 1.0 
-0.001294913398756695 -0.006267631074793761 0.0055 -0.631533760556103 -0.7753483792966016 0.0 0.7753483792966016 -0.631533760556103 0.0 0.0 0.0 1.0 
0.003561669923609883 -0.005317377864629593 0.0055 -0.8821878840598651 -0.4708975867616842 0.0 0.4708975867616842 -0.8821878840598651 0.0 0.0 0.0 1.0 
0.002075675675675676 0.006054054054054055 0.0055 -0.813733471206735 0.5812381937190965 0.0 -0.5812381937190965 -0.813733471206735 0.0 0.0 0.0 1.0 
-0.0014533312722213576 -0.006232802597001084 0.0055 -0.6216578595640101 -0.7832889030506519 0.0 0.7832889030506519 -0.6216578595640101 0.0 0.0 0.0 1.0 
0.003895274115962253 0.005078074395035434 0.0055 -0.8968379398250004 0.4423592541028717 0.0 -0.4423592541028717 -0.8968379398250004 0.0 0.0 0.0 1.0 
-0.0064 7.837739514543061e-19 0.0055 6.123233995736766e-17 -1.0 0.0 1.0 6.123233995736766e-17 0.0 0.0 0.0 1.0 
0.006319096417084301 -0.0010144064627122375 0.0055 -0.9968346942119897 -0.07950215352610904 0.0 0.07950215352610904 -0.9968346942119897 0.0 0.0 0.0 1.0 
-0.00196067040860384 0.00609227146053303 0.0055 -0.588916483321553 0.8081938973242591 0.0 -0.8081938973242591 -0.588916483321553 0.0 0.0 0.0 1.0 
-0.0009016753681913821 -0.0063361645757032655 0.0055 -0.6554056849463913 -0.7552770274144128 0.0 0.7552770274144128 -0.6554056849463913 0.0 0.0 0.0 1.0 
-0.005292972972972974 -0.0035978378378378364 0.0055 -0.294085848837523 -0.9557790087219501 0.0 0.9557790087219501 -0.294085848837523 0.0 0.0 0.0 1.0 
