-0.0004609108988425095 -0.0011123325940625374 0.0064 0.9975640502598242 -0.0697564737441253 0.0 0.0697564737441253 0.9975640502598242 0.0 0.0 0.0 1.0 
-0.0004609103211170744 -0.001112334327181537 0.0064 0.9986295347545738 -0.052335956242943835 0.0 0.052335956242943835 0.9986295347545738 0.0 0.0 0.0 1.0 
-0.0004609143651234882 -0.0011123366380546248 0.0064 0.9902680687415704 -0.13917310096006544 0.0 0.13917310096006544 0.9902680687415704 0.0 0.0 0.0 1.0 
-0.0004609143651234882 -0.0011123360603291896 0.0064 0.9993908270190958 -0.03489949670250097 0.0 0.03489949670250097 0.9993908270190958 0.0 0.0 0.0 1.0 
-0.0004609143651234882 -0.0011123360603291896 0.0064 0.9945218953682733 -0.10452846326765347 0.0 0.10452846326765347 0.9945218953682733 0.0 0.0 0.0 1.0 
-0.00046090974340596576 -0.0011123354826324072 0.0064 0.9986295347545738 -0.052335956242943835 0.0 0.052335956242943835 0.9986295347545738 0.0 0.0 0.0 1.0 
-0.0004609108988425095 -0.0011123349049069723 0.0064 0.9961946980917455 -0.08715574274765817 0.0 0.08715574274765817 0.9961946980917455 0.0 0.0 0.0 1.0 
-0.0004609114765536183 -0.00111233143864032 0.0064 0.9902680687415704 -0.13917310096006544 0.0 0.13917310096006544 0.9902680687415704 0.0 0.0 0.0 1.0 
-0.0004609103211170744 -0.00111233143864032 0.0064 0.9998476951563913 -0.01745240643728351 0.0 0.01745240643728351 0.9998476951563913 0.0 0.0 0.0 1.0 
-0.0004609143651234882 -0.0011123349049069723 0.0064 0.9961946980917455 -0.08715574274765817 0.0 0.08715574274765817 0.9961946980917455 0.0 0.0 0.0 1.0 
-0.0004609143651234882 -0.0011123366380546248 0.0064 1.0 -0.0 0.0 0.0 1.0 0.0 0.0 0.0 1.0 
-0.0004609143651234882 -0.0011123349049069723 0.0064 0.9998476951563913 -0.01745240643728351 0.0 0.01745240643728351 0.9998476951563913 0.0 0.0 0.0 1.0 
-0.0004609143651234882 -0.0011123349049069723 0.0064 1.0 -0.0 0.0 0.0 1.0 0.0 0.0 0.0 1.0 
-0.0004609108988425095 -0.0011123360603291896 0.0064 1.0 -0.0 0.0 0.0 1.0 0.0 0.0 0.0 1.0 
-0.0004609143651234882 -0.0011123354826324072 0.0064 0.992546151641322 -0.12186934340514748 0.0 0.12186934340514748 0.992546151641322 0.0 0.0 0.0 1.0 
-0.0004609143651234882 -0.0011123366380546248 0.0064 0.9975640502598242 -0.0697564737441253 0.0 0.0697564737441253 0.9975640502598242 0.0 0.0 0.0 1.0 
