-0.0028705573770491815 -0.005720131147540984 0.0055 -0.5251073270466075 -0.8510360127996742 0.0 0.8510360127996742 -0.5251073270466075 0.0 0.0 0.0 1.0 
0.0011540983606557406 0.006295081967213114 0.0055 -0.768221279597376 0.6401843996644797 0.0 -0.6401843996644797 -0.768221279597376 0.0 0.0 0.0 1.0 
0.0014286994176496905 0.006238494848439601 0.0055 -0.7820595514434192 0.623203705056475 0.0 -0.623203705056475 -0.7820595514434192 0.0 0.0 0.0 1.0 
0.0028932286264631776 -0.005708697584827383 0.0055 -0.852075986307815 -0.5234181058748009 0.0 0.5234181058748009 -0.852075986307815 0.0 0.0 0.0 1.0 
-0.0005603256278319583 0.006375424314568775 0.0055 -0.6754439727509812 0.7374113097006119 0.0 -0.7374113097006119 -0.6754439727509812 0.0 0.0 0.0 1.0 
-0.0038400000000000005 0.00512 0.0055 -0.4472135954999579 0.8944271909999159 0.0 -0.8944271909999159 -0.4472135954999579 0.0 0.0 0.0 1.0 
-0.0036175503787337446 0.005279519794197513 0.0055 -0.4662390767207595 0.8846587609573388 0.0 -0.8846587609573388 -0.4662390767207595 0.0 0.0 0.0 1.0 
0.005433962264150948 0.003381132075471691 0.0055 -0.9615239476408234 0.2747211278973774 0.0 -0.2747211278973774 -0.9615239476408234 0.0 0.0 0.0 1.0 
0.0037845762650296037 -0.005161102837008247 0.0055 -0.8920033748285024 -0.4520287372441737 0.0 0.4520287372441737 -0.8920033748285024 0.0 0.0 0.0 1.0 
0.005953185615691971 0.0023493788594260837 0.0055 -0.9823912795958315 0.1868351513341768 0.0 -0.1868351513341768 -0.9823912795958315 0.0 0.0 0.0 1.0 
-0.006351412086243546 0.0007871242028545406 0.0055 -0.06161112531209687 0.9981002300559684 0.0 -0.9981002300559684 -0.06161112531209687 0.0 0.0 0.0 1.0 
-0.006392103944172419 0.0003178162470601865 0.0055 -0.02483705621706947 0.9996915127370394 0.0 -0.9996915127370394 -0.02483705621706947 0.0 0.0 0.0 1.0 
-0.0032406248764089377 -0.0055189084437413495 0.0055 -0.49681604395445184 -0.8678558742495486 0.0 0.8678558742495486 -0.49681604395445184 0.0 0.0 0.0 1.0 
0.0020585897247166226 0.006059885175916384 0.0055 -0.8129128626387248 0.5823853344277429 0.0 -0.5823853344277429 -0.8129128626387248 0.0 0.0 0.0 1.0 
0.0062821803538041145 0.0012223788292823167 0.0055 -0.995387030325866 0.09594091858562505 0.0 -0.09594091858562505 -0.995387030325866 0.0 0.0 0.0 1.0 
-0.005582802886441321 -0.0031292669958222583 0.0055 -0.25267276168351 -0.9675517947392936 0.0 0.9675517947392936 -0.25267276168351 0.0 0.0 0.0 1.0 
-0.0062439024390243915 0.001404878048780487 0.0055 -0.11043152607484648 0.9938837346736189 0.0 -0.9938837346736189 -0.11043152607484648 0.0 0.0 0.0 1.0 
0.006263924958616885 0.0013127239286371193 0.0055 -0.994670366197739 0.10310607454488782 0.0 -0.10310607454488782 -0.994670366197739 0.0 0.0 0.0 1.0 
0.005732447269575271 0.002845882692863327 0.0055 -0.9735745697868079 0.22836934353023824 0.0 -0.22836934353023824 -0.9735745697868079 0.0 0.0 0.0 1.0 
-0.0030954425033595683 0.005601627951622194 0.0055 -0.5081028974775028 0.861296374992352 0.0 -0.861296374992352 -0.5081028974775028 0.0 0.0 0.0 1.0 
0.006364224836962147 -0.0006757530796038796 0.0055 -0.9986015548694422 -0.05286714114014703 0.0 0.05286714114014703 -0.9986015548694422 0.0 0.0 0.0 1.0 
-0.005896015619350639 -0.0024893773953286605 0.0055 -0.19842827353537945 -0.9801154117050546 0.0 0.9801154117050546 -0.19842827353537945 0.0 0.0 0.0 1.0 
-0.005742469043151971 -0.0028256060037523444 0.0055 -0.2266486399777248 -0.9739765880123853 0.0 0.9739765880123853 -0.2266486399777248 0.0 0.0 0.0 1.0 
-0.0038400000000000005 -0.00512 0.0055 -0.4472135954999579 -0.8944271909999159 0.0 0.8944271909999159 -0.4472135954999579 0.0 0.0 0.0 1.0 
0.0064 -1.5675479029086122e-18 0.0055 -1.0 -1.2246467991473532e-16 0.0 1.2246467991473532e-16 -1.0 0.0 0.0 0.0 1.0 
