0.07352569884931288 -0.04983443448218568 0.4755620079803578 -0.527650748665949 -0.8015526466860698 -0.2812437413042642 -0.8493015229355596 0.49137460843275915 0.19297128627568214 -0.016480611991141175 0.340682181480201 -0.940034063558491 
0.06770600322169443 0.014733343900150811 0.4752820015281219 -0.7463605172122683 0.602846866731673 -0.28199580425680104 0.6459594097470246 0.7581863354920958 -0.08882523083191517 0.16025735335987265 -0.24845348849406795 -0.9552949517029894 
0.07477214962164927 -0.012512528299143197 0.4754837820870554 -0.7820595514434188 0.6232037050564756 1.1559976742111703e-16 0.6232037050564756 0.782059551443419 -4.0426372565470554e-17 -1.1559976742111703e-16 4.0426372565470554e-17 -1.0 
0.09040854681959241 -0.029894421862886104 0.47548378208706593 -0.852075986307816 -0.5234181058747992 3.095020764483581e-16 -0.5234181058747992 0.8520759863078158 8.746886834911568e-17 -3.095020764483581e-16 -8.746886834911568e-17 -1.0 
0.137306606437066 -0.05339130511963815 0.47548378208705155 -0.6754439727509791 0.7374113097006139 1.1208843580930034e-16 0.7374113097006139 0.6754439727509793 -4.9333359752229905e-17 -1.1208843580930034e-16 4.9333359752229905e-17 -1.0 
0.07435168559509227 0.05843751965047329 0.4759080154261057 -0.45880941225433236 0.8307740006333889 -0.31513248499389607 0.885456850318533 0.39800302389068765 -0.23991615034809977 -0.07389241808749515 -0.3891120055272812 -0.9182220633941007 
0.12746789939679193 0.02423510599732549 0.4754837820870452 -0.46623907672076104 0.884658760957338 1.048571981085002e-16 0.884658760957338 0.46623907672076115 -6.32658346301803e-17 -1.048571981085002e-16 6.32658346301803e-17 -1.0 
0.10133508837811073 0.008660404105946075 0.475854455284075 -0.8893525551133163 0.2413121728672256 -0.3883561096976766 0.2825165148099555 0.9578633976089438 -0.05178928828132124 0.35949471703079555 -0.15577595047743353 -0.9200529341727032 
0.12958733072314133 0.047573066982258286 0.4751250954007555 -0.7549281112587108 -0.4343360350011971 -0.49136112537602566 -0.4022912028849611 0.8984208172297163 -0.17607334622156678 0.5179240628825104 0.06474753947238107 -0.8529726966436534 
0.10221873752147219 -0.058767142365295344 0.4745359098556073 -0.8917986561208094 0.22066920436508977 -0.3949686812723211 0.1337877446289116 0.9625704203948505 0.23570962044004556 0.43219902397879995 0.15736355367669946 -0.8879418424908319 
0.1559719766240199 -0.050697733553802186 0.4748751035662791 0.01008220349936928 0.7960717091153093 -0.6051183215858097 0.9757916657674717 0.1243807551676337 0.17988900122762366 0.21846961846293445 -0.5922830925243091 -0.7755461070229807 
0.1736071607859497 -0.0479240825115506 0.4748679357750106 0.04321361885880359 0.7534563206349597 -0.6560763340041729 0.9815640840928656 0.09036043636410462 0.16842488046313905 0.1861841345659187 -0.6512592144724844 -0.735660861811081 
0.16461267412472785 0.057897257680449156 0.4732173489245172 -0.3265524256846133 -0.7195632698691843 -0.6128557855928772 -0.8082387653489029 0.5487395103757315 -0.21362361278633038 0.49001388905497 0.42557449454563223 -0.7607711470116708 
0.11283521805217478 -0.04417941129772222 0.4758972719141284 -0.7124596498078228 0.5526950083627433 -0.43235341461196003 0.5445128339726741 0.8240840277595255 0.15617710725546294 0.4426138509296353 -0.124152095924895 -0.8880761431559201 
0.1015964008556002 -0.008767883447949612 0.4754837820870567 -0.9953870303258663 0.09594091858562206 5.659001386023322e-16 0.09594091858562206 0.9953870303258667 -2.720924727889607e-17 -5.659001386023322e-16 2.720924727889607e-17 -1.0 
0.1648239315236071 -0.023482779199166016 0.47548378208707176 -0.25267276168350905 -0.967551794739294 2.545382088589981e-16 -0.967551794739294 0.25267276168350916 1.9660274282667911e-16 -2.545382088589981e-16 -1.9660274282667911e-16 -1.0 
0.14918801259987724 -0.024688643191543083 0.4749621771000417 -0.06306251846560584 0.8061785138425491 -0.5883020674648304 0.9865234577914704 0.13953051775108793 0.08545584733225658 0.1509787600688776 -0.5749847288708911 -0.804113160925334 
0.12518078721671888 -0.024464800268944372 0.4752308898008025 -0.8718727070381782 0.11536468226763631 -0.47595059912474785 0.07869156565562004 0.9922316557336801 0.09635340603563111 0.4833690310896907 0.04655460713277765 -0.8741779271625006 
0.12816058722441084 -0.0031745785670317253 0.47548378208705305 -0.9735745697868079 0.2283693435302381 -3.194926980554986e-16 0.2283693435302381 0.9735745697868077 3.6969638155360116e-17 3.194926980554986e-16 -3.6969638155360116e-17 -1.0 
0.14652951088307004 0.015115824151357544 0.47548378208704584 -0.5081028974775033 0.8612963749923518 1.0634359580512072e-16 0.8612963749923518 0.5081028974775033 -6.073415396509353e-17 -1.0634359580512072e-16 6.073415396509353e-17 -1.0 
0.10252488234237034 0.0394619620857294 0.47588685281414966 -0.9185360118206017 -0.0839258797440976 -0.3863263409319672 -0.02039253307814555 0.9859643098559692 -0.16570613834405398 0.39481101755569087 -0.14432888276232617 -0.9073551862513481 
0.08027764962428875 0.032671727625187226 0.47434454159465667 -0.16475869441105218 -0.9316150338699049 -0.3239567892227938 -0.9661356878649275 0.21855997836612173 -0.13716183321304654 0.19858601473852266 0.29038761083106923 -0.9360761882593184 
0.15872088267836054 0.0024992074564356313 0.47460460811727545 -0.17677428442765664 -0.7863987464190598 -0.591885009098576 -0.9729168428089641 0.2306130060353746 -0.015825878363173673 0.1489418320812779 0.5730572860350522 -0.8058670346765728 
0.14969655385031222 0.03781121894347145 0.4734266467791995 -0.3250675980996099 -0.7539131453998511 -0.5709168291958588 -0.8633652150147093 0.4829458944373869 -0.1461634993720295 0.38591652227956674 0.4453967133234992 -0.8078924467973874 
0.09836157818795742 0.024206997381268604 0.4754837820870566 -1.0 -0.0 -1.2246467991473532e-16 0.0 1.0 -0.0 1.2246467991473532e-16 0.0 -1.0 
