{
    "100": {
        "polygons": [
            {
                "name": "polygon",
                "all_points_x": [
                    708.3327641554536,
                    668.980943924595,
                    648.7087941086982,
                    641.5539177030876,
                    711.9102023582589,
                    781.074007612495
                ],
                "all_points_y": [
                    269.5003446113342,
                    358.9362996814672,
                    389.94076410578,
                    410.2129139216768,
                    447.1797753506651,
                    299.31232963471183
                ]
            },
            {
                "name": "polygon",
                "all_points_x": [
                    732.2910925885714,
                    694.5288623337511,
                    664.1709909524252,
                    736.7337079126678,
                    802.6325018867658
                ],
                "all_points_y": [
                    443.5210965222995,
                    513.862505820494,
                    581.2421715692907,
                    617.523530049412,
                    472.3980961289267
                ]
            },
            {
                "name": "polygon",
                "all_points_x": [
                    793.7472712385728,
                    741.9167591241137,
                    705.6354006439924,
                    777.4576817168856,
                    860.3865011000202
                ],
                "all_points_y": [
                    621.2257094861591,
                    702.6736570945948,
                    758.9467845331503,
                    801.1516301120669,
                    659.7283756283286
                ]
            },
            {
                "name": "polygon",
                "all_points_x": [
                    773.7555022801386,
                    836.6925527048388,
                    918.1405003132745,
                    850.7608345644777,
                    808.555988985561
                ],
                "all_points_y": [
                    827.8073220566458,
                    790.0450918018257,
                    924.8044232994192,
                    967.0092688783359,
                    903.3317825662862
                ]
            },
            {
                "name": "polygon",
                "all_points_x": [
                    870.4438346480777,
                    982.169414357866,
                    1018.7341495356148,
                    1048.189075095468,
                    890.7575764134938
                ],
                "all_points_y": [
                    206.1844789189729,
                    156.41581159370358,
                    145.24325362272475,
                    223.45115941957653,
                    276.26688800965826
                ]
            },
            {
                "name": "polygon",
                "all_points_x": [
                    966.9341080338039,
                    923.2595632381594,
                    1042.0949525658434,
                    1049.204762183739,
                    1069.518503949155,
                    1104.0518649503622,
                    1049.204762183739
                ],
                "all_points_y": [
                    345.3336100120728,
                    404.2434611317794,
                    486.5141152817144,
                    482.45136692863116,
                    484.48274110517275,
                    433.69838669163266,
                    393.0709031608005
                ]
            },
            {
                "name": "polygon",
                "all_points_x": [
                    1166.0087773348812,
                    1235.0754993372957,
                    1286.8755408391066,
                    1307.1892826045228,
                    1316.33046639896,
                    1239.138247690379
                ],
                "all_points_y": [
                    218.37272397822252,
                    180.79230171220283,
                    266.11001712695025,
                    297.5963168633451,
                    317.9100586287612,
                    366.6630388657597
                ]
            },
            {
                "name": "polygon",
                "all_points_x": [
                    1046.1577009189266,
                    1040.0635783893017,
                    1137.5695388632987,
                    1169.0558385996935,
                    1199.5264512478177,
                    1203.5891996009009
                ],
                "all_points_y": [
                    533.2357213421712,
                    601.286756256315,
                    611.4436271390231,
                    615.5063754921063,
                    610.4279400507522,
                    536.2827826069837
                ]
            },
            {
                "name": "polygon",
                "all_points_x": [
                    1192.416641629922,
                    1167.024464423152,
                    1133.5067905102155,
                    1199.5264512478177,
                    1268.5931732502322
                ],
                "all_points_y": [
                    877.5536442659733,
                    935.4478082974091,
                    1021.7812108004273,
                    1058.3459459781761,
                    911.0713181789098
                ]
            },
            {
                "name": "polygon",
                "all_points_x": [
                    1307.2702455448284,
                    1238.2365895300948,
                    1316.8825267620698,
                    1382.4208077887156,
                    1337.8547766905965
                ],
                "all_points_y": [
                    751.5056224388719,
                    791.7024348018814,
                    935.8866530605021,
                    898.3113719385585,
                    802.1885597661447
                ]
            },
            {
                "name": "polygon",
                "all_points_x": [
                    1274.9380269050164,
                    1330.8640267144208,
                    1426.1129951398127,
                    1457.5713700326028,
                    1305.5225580507845
                ],
                "all_points_y": [
                    596.8352792159878,
                    574.9891855404393,
                    547.9000293827589,
                    614.3121541564267,
                    676.3550601949847
                ]
            },
            {
                "name": "polygon",
                "all_points_x": [
                    1322.9994329912233,
                    1325.6209642322892,
                    1330.8640267144208,
                    1418.2484014166157,
                    1397.2761514880885
                ],
                "all_points_y": [
                    153.79649947586216,
                    251.6669991423199,
                    311.08837393981213,
                    304.97146771065843,
                    145.0580620056427
                ]
            },
            {
                "name": "polygon",
                "all_points_x": [
                    1350.9624328959255,
                    1378.9254328006277,
                    1453.2021512974932,
                    1440.094495092164,
                    1426.9868388868347,
                    1350.9624328959255
                ],
                "all_points_y": [
                    321.5744989040754,
                    481.48790460909123,
                    464.0110296686523,
                    363.5189987611287,
                    308.4668426987463,
                    317.2052801689657
                ]
            }
        ],
        "labels": [
            "top",
            "top",
            "top",
            "top",
            "top",
            "overlap",
            "top",
            "top",
            "top",
            "top",
            "top",
            "top",
            "top"
        ],
        "pick_points": []
    },
    "101": {
        "polygons": [
            {
                "name": "polygon",
                "all_points_x": [
                    649.9546219153166,
                    689.0496367673657,
                    833.2125040342968,
                    797.375407086585,
                    698.823390480378
                ],
                "all_points_y": [
                    349.411695240189,
                    420.271409659528,
                    344.5248183836828,
                    276.92302186868125,
                    320.09043410115214
                ]
            },
            {
                "name": "polygon",
                "all_points_x": [
                    885.3391905036956,
                    913.0314926905637,
                    989.5925634424932,
                    979.8188097294809,
                    957.013384399119
                ],
                "all_points_y": [
                    434.9320402290464,
                    592.9410585894116,
                    582.3528254003149,
                    522.0813441700725,
                    421.0858891356123
                ]
            },
            {
                "name": "polygon",
                "all_points_x": [
                    1021.3572630097831,
                    1000.1807966315898,
                    1158.189814991955,
                    1176.9228429418952,
                    1149.230540755027,
                    1111.7644848551467
                ],
                "all_points_y": [
                    462.6243424159145,
                    531.8550978830848,
                    579.0949074959775,
                    498.4614393636262,
                    487.05872669844524,
                    479.728411413686
                ]
            },
            {
                "name": "polygon",
                "all_points_x": [
                    1065.3391547183385,
                    1040.0902909597232,
                    1029.5020577706266,
                    1111.7644848551467,
                    1140.271266518099,
                    1067.7825931465914
                ],
                "all_points_y": [
                    611.6740865393517,
                    710.2261031455589,
                    763.167269091042,
                    781.085817564898,
                    621.447840252364,
                    606.7872096828456
                ]
            },
            {
                "name": "polygon",
                "all_points_x": [
                    1271.8114465725437,
                    1229.979651324453,
                    1302.4048490674159,
                    1337.9930927859407,
                    1349.8558406921156
                ],
                "all_points_y": [
                    700.5264816172773,
                    855.366559550508,
                    874.0972141392052,
                    777.3221654309361,
                    719.8814913589312
                ]
            },
            {
                "name": "polygon",
                "all_points_x": [
                    1192.5183421470585,
                    1225.609165253757,
                    1367.9621401278562,
                    1329.8764757975052,
                    1279.9280635609791
                ],
                "all_points_y": [
                    618.735956579966,
                    684.917602793363,
                    606.2488535208345,
                    535.6967212367415,
                    558.1735067431782
                ]
            },
            {
                "name": "polygon",
                "all_points_x": [
                    1264.3191847370647,
                    1286.7959702435014,
                    1321.135503656113,
                    1419.783617823252,
                    1405.4234493052506,
                    1248.7103059131503
                ],
                "all_points_y": [
                    388.3489051389898,
                    380.23228815055427,
                    395.21681182151207,
                    419.56666278681854,
                    496.98670175343386,
                    462.0228131878656
                ]
            },
            {
                "name": "polygon",
                "all_points_x": [
                    1234.3501373951492,
                    1241.2180440776715,
                    1201.8836694414072,
                    1132.5802474632274,
                    1164.4223602640127
                ],
                "all_points_y": [
                    330.2838759140283,
                    342.7709789731598,
                    489.49443991795494,
                    472.6368507881274,
                    310.92886617237446
                ]
            },
            {
                "name": "polygon",
                "all_points_x": [
                    1244.964174995411,
                    1270.5627362666305,
                    1387.31714986951,
                    1406.0478044582073,
                    1260.5730538193252
                ],
                "all_points_y": [
                    260.9804539358484,
                    250.36641633558665,
                    241.00108904123803,
                    309.6801558664613,
                    340.27355836133347
                ]
            },
            {
                "name": "polygon",
                "all_points_x": [
                    1209.3759312768861,
                    1182.5286596997535,
                    1155.6813881226205,
                    1116.971368639313,
                    1178.782528782014,
                    1277.4306429491528
                ],
                "all_points_y": [
                    89.90714202574682,
                    108.63779661444408,
                    161.0836294627964,
                    224.1434999114105,
                    270.3457812301971,
                    137.35813365044655
                ]
            },
            {
                "name": "polygon",
                "all_points_x": [
                    1146.316060828272,
                    1136.9507335339233,
                    1111.3521722627038,
                    1099.4894243565288,
                    1093.245872826963,
                    1083.8805455326144,
                    1067.6473115557435,
                    1064.5255357909607,
                    1056.4089188025252,
                    973.7884895907079,
                    988.3482119504633
                ],
                "all_points_y": [
                    119.87618936766243,
                    161.0836294627964,
                    187.30654588697254,
                    188.5552561928857,
                    177.31686343966734,
                    169.20024645123186,
                    171.0733119101016,
                    172.94637736897133,
                    177.94121859262393,
                    158.44403744439836,
                    94.20996821018282
                ]
            },
            {
                "name": "polygon",
                "all_points_x": [
                    1033.7402875426424,
                    1100.5437195462266,
                    1004.6208428231313,
                    945.2717349035175,
                    999.1966325322418,
                    1011.8848437390004
                ],
                "all_points_y": [
                    190.13284493327805,
                    234.66846626900085,
                    366.5624217632568,
                    321.43468390455183,
                    224.15839798606905,
                    208.29813397762075
                ]
            }
        ],
        "labels": [
            "top",
            "top",
            "top",
            "top",
            "top",
            "top",
            "overlap",
            "overlap",
            "top",
            "top",
            "overlap",
            "top"
        ],
        "pick_points": []
    },
    "102": {
        "polygons": [],
        "labels": [],
        "pick_points": [
            {
                "translation": [
                    0.06520667695401071,
                    0.005099225768003339,
                    0.4739482064214404
                ],
                "rotation": [
                    [
                        0.4189618988135504,
                        0.8284977395039039,
                        0.37156752142708294
                    ],
                    [
                        -0.8767786266197986,
                        0.4755226111334092,
                        -0.07167625969290263
                    ],
                    [
                        -0.23607237713304005,
                        -0.29575283927256873,
                        0.9256349662890713
                    ]
                ]
            },
            {
                "translation": [
                    0.07869435265322101,
                    0.02487087577310875,
                    0.4716597904076227
                ],
                "rotation": [
                    [
                        -0.27311450183155256,
                        -0.9618036798295598,
                        -0.018497306712612363
                    ],
                    [
                        0.9427540899827184,
                        -0.2714313786364471,
                        0.19375172905647667
                    ],
                    [
                        -0.1913718754419247,
                        0.035477995403281504,
                        0.9808761986774914
                    ]
                ]
            },
            {
                "translation": [
                    0.09584653281770378,
                    0.043578170666989983,
                    0.4708322690140141
                ],
                "rotation": [
                    [
                        -0.46152808682869295,
                        0.8550277050276219,
                        -0.23647293439936048
                    ],
                    [
                        0.8480904442690439,
                        0.3470541714899291,
                        -0.400369829521374
                    ],
                    [
                        -0.2602583781701982,
                        -0.3853323574352878,
                        -0.8853160740128814
                    ]
                ]
            },
            {
                "translation": [
                    0.11463551442738489,
                    0.05117215687972361,
                    0.4869515196408948
                ],
                "rotation": [
                    [
                        0.09794540705480573,
                        0.5870883229521049,
                        0.8035757576545929
                    ],
                    [
                        -0.9924097666810352,
                        -0.002714559024578289,
                        0.12294505344012518
                    ],
                    [
                        0.07436095906429352,
                        -0.8095183334690985,
                        0.582366307013422
                    ]
                ]
            },
            {
                "translation": [
                    0.10674342018172278,
                    0.021799161780535325,
                    0.48342264399651946
                ],
                "rotation": [
                    [
                        -0.4938059467141216,
                        -0.8677433094077888,
                        -0.05636697586165509
                    ],
                    [
                        0.8678301796533271,
                        -0.49588120789896856,
                        0.03118664675039141
                    ],
                    [
                        -0.05501332813640584,
                        -0.03351681116511899,
                        0.9979229214206261
                    ]
                ]
            },
            {
                "translation": [
                    0.1294787002067472,
                    0.04315740086465586,
                    0.4799217097314797
                ],
                "rotation": [
                    [
                        0.0662989483793742,
                        -0.8842476121959112,
                        0.46228844866556906
                    ],
                    [
                        0.9580380491395343,
                        0.1858994188252973,
                        0.2181845605933928
                    ],
                    [
                        -0.2788683306592993,
                        0.4284245165793458,
                        0.8594677933169163
                    ]
                ]
            },
            {
                "translation": [
                    0.08848036604467803,
                    -0.01232542740487599,
                    0.5104766480677461
                ],
                "rotation": [
                    [
                        0.952597227054765,
                        0.2600783864358833,
                        -0.1578535901285755
                    ],
                    [
                        0.2465737759705131,
                        -0.9639329754741292,
                        -0.10017280967026501
                    ],
                    [
                        -0.1782130635257028,
                        0.05650178494967459,
                        -0.982368389295118
                    ]
                ]
            },
            {
                "translation": [
                    0.10888858279855809,
                    -0.008389020995386728,
                    0.48189726377781883
                ],
                "rotation": [
                    [
                        -0.465221749112329,
                        -0.8645234301759485,
                        -0.1901787654541826
                    ],
                    [
                        0.8850287588933642,
                        -0.45842637366899797,
                        -0.08105156294830893
                    ],
                    [
                        -0.017111986574813956,
                        -0.20602062664088774,
                        0.9783980178403667
                    ]
                ]
            },
            {
                "translation": [
                    0.1251301569637504,
                    0.015674594044080472,
                    0.45575987710247806
                ],
                "rotation": [
                    [
                        0.5664012702819163,
                        0.24718843371402577,
                        0.7861853975119597
                    ],
                    [
                        -0.5260803502047315,
                        0.842754571625871,
                        0.11403594666666098
                    ],
                    [
                        -0.6343729708550785,
                        -0.47818679429873556,
                        0.6073782376796193
                    ]
                ]
            },
            {
                "translation": [
                    0.12794430066584503,
                    0.0017836306132327886,
                    0.4814168384234932
                ],
                "rotation": [
                    [
                        -0.8628322558574565,
                        -0.25461512779876383,
                        0.43668253336714974
                    ],
                    [
                        0.30235652967628157,
                        -0.9522608172660836,
                        0.04218844464834452
                    ],
                    [
                        0.4050938498842565,
                        0.16843536622618693,
                        0.8986258955706777
                    ]
                ]
            },
            {
                "translation": [
                    0.10666738540361062,
                    -0.03277797626336607,
                    0.45305248941475645
                ],
                "rotation": [
                    [
                        -0.9824954690648099,
                        -0.022392685609251905,
                        0.1849357209906305
                    ],
                    [
                        -0.03950910133412418,
                        0.9952124650731186,
                        -0.08939340174117098
                    ],
                    [
                        -0.18204857642642808,
                        -0.09513525631590893,
                        -0.9786764525760376
                    ]
                ]
            },
            {
                "translation": [
                    0.06476386048385,
                    -0.051606260876159174,
                    0.46098367212691727
                ],
                "rotation": [
                    [
                        0.7188968967870202,
                        -0.6674342583475911,
                        -0.1942131884656485
                    ],
                    [
                        -0.584282217229391,
                        -0.7315635430635989,
                        0.3513247402187052
                    ],
                    [
                        -0.3765654556906399,
                        -0.1390909531358345,
                        -0.9158887292331235
                    ]
                ]
            },
            {
                "translation": [
                    0.10710694791639816,
                    -0.05045831291874898,
                    0.4329061811024131
                ],
                "rotation": [
                    [
                        0.6554464100480694,
                        0.15351064434106318,
                        0.7394758181503231
                    ],
                    [
                        -0.11753489386530694,
                        0.9879286064040669,
                        -0.10090895585917815
                    ],
                    [
                        -0.7460399133284823,
                        -0.020773798942661834,
                        0.6655771157411594
                    ]
                ]
            },
            {
                "translation": [
                    0.14669063311767078,
                    -0.0536326555905703,
                    0.46778703449587483
                ],
                "rotation": [
                    [
                        -0.9340688136398474,
                        -0.32423724047016683,
                        0.14961839217736306
                    ],
                    [
                        -0.33075385020711917,
                        0.9434998786730061,
                        -0.02024523443155277
                    ],
                    [
                        -0.13460067592183406,
                        -0.06839730138180265,
                        -0.9885365280074744
                    ]
                ]
            },
            {
                "translation": [
                    0.16688860939166178,
                    -0.038751708786248985,
                    0.4811952446387233
                ],
                "rotation": [
                    [
                        -0.7966847737827696,
                        0.6009987180551342,
                        -0.06398368634880827
                    ],
                    [
                        0.6042736988848922,
                        0.7941701082470052,
                        -0.06439826086868515
                    ],
                    [
                        0.012110658886615604,
                        -0.08996877271045735,
                        -0.995870951418057
                    ]
                ]
            },
            {
                "translation": [
                    0.16406658137441177,
                    -0.005815323078576215,
                    0.5216906980747525
                ],
                "rotation": [
                    [
                        -0.2257950961472006,
                        -0.9474601338803077,
                        -0.22657420255489275
                    ],
                    [
                        -0.9741682114608154,
                        0.22045816255584916,
                        0.04893357070288272
                    ],
                    [
                        0.003587524928413771,
                        0.23177034596774365,
                        -0.9727639160633378
                    ]
                ]
            },
            {
                "translation": [
                    0.1702350258093346,
                    -0.01625894439729573,
                    0.48523524726649714
                ],
                "rotation": [
                    [
                        0.48880770528769224,
                        0.5255379361693329,
                        0.6963310311182885
                    ],
                    [
                        -0.7225557899503692,
                        0.6911622044604507,
                        -0.014420039340039686
                    ],
                    [
                        -0.48885596821618005,
                        -0.496089391916667,
                        0.7175758897616147
                    ]
                ]
            },
            {
                "translation": [
                    0.15960142277680106,
                    0.0138114184561058,
                    0.47017530981178063
                ],
                "rotation": [
                    [
                        -0.9722106434632777,
                        -0.18302092517069143,
                        -0.14597878505585576
                    ],
                    [
                        0.1888573645967825,
                        -0.9816316617204032,
                        -0.027058760976767744
                    ],
                    [
                        -0.1383450778823646,
                        -0.053875984053231483,
                        0.9889175990789214
                    ]
                ]
            },
            {
                "translation": [
                    0.13135198519325522,
                    -0.03293982797382819,
                    0.47489124296866475
                ],
                "rotation": [
                    [
                        0.04994943921050354,
                        0.995446965159456,
                        0.08118123599320644
                    ],
                    [
                        0.9983539124992764,
                        -0.052058326328405236,
                        0.024070647213400045
                    ],
                    [
                        0.028187211993080604,
                        0.07984528924560154,
                        -0.9964086565588154
                    ]
                ]
            },
            {
                "translation": [
                    0.14686350805695433,
                    0.0384038566089601,
                    0.48123078096187605
                ],
                "rotation": [
                    [
                        0.16598901032911856,
                        0.746446317749656,
                        0.6444110048470151
                    ],
                    [
                        -0.9821769935060954,
                        0.18357677336630598,
                        0.040347511791230584
                    ],
                    [
                        -0.08818164138462914,
                        -0.639622906874352,
                        0.7636141271115386
                    ]
                ]
            },
            {
                "translation": [
                    0.16832143867211505,
                    0.051439681837238675,
                    0.4792462140523173
                ],
                "rotation": [
                    [
                        -0.0021280741107457812,
                        -0.9993487871638649,
                        -0.036020451061750114
                    ],
                    [
                        -0.9869809496088238,
                        -0.0036939372867493825,
                        0.1607947758373592
                    ],
                    [
                        -0.16082312150261294,
                        0.03589368219386699,
                        -0.9863303539731105
                    ]
                ]
            }
        ]
    },
    "103": {
        "polygons": [
            {
                "name": "polygon",
                "all_points_x": [
                    713.0,
                    690.0,
                    673.0,
                    742.0,
                    787.0
                ],
                "all_points_y": [
                    510.0,
                    565.0,
                    664.0,
                    685.0,
                    533.0
                ]
            },
            {
                "name": "polygon",
                "all_points_x": [
                    752.0,
                    699.0,
                    755.0,
                    815.0,
                    859.0,
                    867.0
                ],
                "all_points_y": [
                    302.0,
                    357.0,
                    417.0,
                    464.0,
                    424.0,
                    407.0
                ]
            },
            {
                "name": "polygon",
                "all_points_x": [
                    841.5308493609905,
                    862.2656839906783,
                    890.5864337287885,
                    948.2393885527987,
                    896.6551658155265,
                    890.0807060548938,
                    894.1265274460524,
                    889.0692507071041,
                    879.9661525769972,
                    845.0709430782542,
                    849.6224921433077,
                    844.5652154043594,
                    839.5079386654111,
                    793.9924480148768,
                    798.5439970799303,
                    794.4981756887717,
                    789.4408989498233,
                    788.4294436020338,
                    778.820617798032
                ],
                "all_points_y": [
                    211.39416768803727,
                    228.0831809265665,
                    267.0242118164681,
                    334.28599244448,
                    389.91603657291085,
                    383.3415768122781,
                    377.27284472554015,
                    372.72129566048676,
                    376.2613893777505,
                    339.3432691834282,
                    329.7344433794265,
                    327.7115326838472,
                    330.7458987272162,
                    285.7361357505767,
                    279.66740366383874,
                    274.6101269248905,
                    274.6101269248905,
                    279.16167598994394,
                    271.07003320762675
                ]
            },
            {
                "name": "polygon",
                "all_points_x": [
                    927.0,
                    916.0,
                    1074.0,
                    1083.0,
                    947.0
                ],
                "all_points_y": [
                    163.0,
                    241.0,
                    264.0,
                    192.0,
                    158.0
                ]
            },
            {
                "name": "polygon",
                "all_points_x": [
                    976.0,
                    961.0,
                    972.0,
                    1123.0,
                    1132.0,
                    1030.0
                ],
                "all_points_y": [
                    415.0,
                    487.0,
                    502.0,
                    518.0,
                    444.0,
                    418.0
                ]
            },
            {
                "name": "polygon",
                "all_points_x": [
                    996.0,
                    975.0,
                    978.0,
                    1109.0,
                    1128.0,
                    1149.0
                ],
                "all_points_y": [
                    549.0,
                    609.0,
                    618.0,
                    671.0,
                    669.0,
                    595.0
                ]
            },
            {
                "name": "polygon",
                "all_points_x": [
                    1239.0,
                    1216.0,
                    1255.0,
                    1310.0,
                    1317.0,
                    1365.0,
                    1390.0,
                    1383.0,
                    1351.0,
                    1338.0
                ],
                "all_points_y": [
                    439.0,
                    507.0,
                    527.0,
                    542.0,
                    551.0,
                    562.0,
                    495.0,
                    479.0,
                    472.0,
                    461.0
                ]
            },
            {
                "name": "polygon",
                "all_points_x": [
                    1277.0,
                    1253.0,
                    1258.0,
                    1287.0,
                    1300.0,
                    1316.0,
                    1405.0,
                    1428.0
                ],
                "all_points_y": [
                    606.0,
                    671.0,
                    685.0,
                    692.0,
                    704.0,
                    702.0,
                    726.0,
                    658.0
                ]
            },
            {
                "name": "polygon",
                "all_points_x": [
                    924.0,
                    920.0,
                    761.0,
                    762.0,
                    822.0,
                    834.0,
                    921.0
                ],
                "all_points_y": [
                    737.0,
                    732.0,
                    737.0,
                    814.0,
                    825.0,
                    817.0,
                    808.0
                ]
            },
            {
                "name": "polygon",
                "all_points_x": [
                    1255.0,
                    1217.0,
                    1303.0,
                    1321.0,
                    1365.0,
                    1393.0,
                    1318.0,
                    1309.0
                ],
                "all_points_y": [
                    169.0,
                    242.0,
                    280.0,
                    295.0,
                    308.0,
                    241.0,
                    198.0,
                    184.0
                ]
            }
        ],
        "labels": [
            "top",
            "top",
            "overlap",
            "top",
            "top",
            "top",
            "top",
            "top",
            "top",
            "top"
        ],
        "pick_points": []
    },
    "104": {
        "polygons": [
            {
                "name": "polygon",
                "all_points_x": [
                    635.0,
                    604.0,
                    647.0,
                    687.0,
                    710.0,
                    759.0,
                    781.0,
                    780.0,
                    692.0,
                    678.0
                ],
                "all_points_y": [
                    133.0,
                    214.0,
                    237.0,
